  2.1188
 -1.1668
  0.7229
  0.5000
 -1.7782
  0.7356
 -0.3173
 -1.2190
  1.8791
  0.5451
  1.6225
 -1.2901
  0.3827
  0.4366
 -0.1874
  1.2090
  1.9304
 -0.2594
 -0.9790
  0.7093
 -1.3232
  1.1873
 -0.7518
  1.7703
  0.7962
 -1.4711
 -0.0681
  1.0834
  0.2542
 -0.1577
  0.1506
 -1.6861
 -0.9490
  1.5283
 -0.5146
  0.6162
 -0.1240
  1.1458
 -1.4709
  0.3819
 -0.8325
 -0.0517
 -0.4116
  0.3746
  0.4753
  0.2561
 -0.7044
  0.1087
  0.5399
 -0.2283
  1.1650
  1.2932
  0.7309
 -0.8516
 -0.6498
 -0.6854
 -0.7323
  0.4284
 -1.2397
  1.4248
  0.1267
 -0.6105
  0.5062
 -1.3975
  1.0261
 -0.4779
 -0.1554
 -0.4630
  0.1599
  0.2087
  0.0680
 -0.9851
  0.6802
 -0.4751
  0.8798
  0.1214
 -0.3925
 -1.1216
  0.2812
 -0.6518
  1.1626
  0.4080
  0.3440
  0.2973
 -0.5867
  0.9655
  1.2089
  0.4027
  0.6902
 -0.1136
  2.2287
  0.1120
  0.0816
  1.5724
  2.4227
 -0.7442
  1.5335
 -1.2195
 -0.7306
  0.3689
  0.9357
 -0.7374
  0.9566
 -0.8421
 -1.1913
  1.1699
  0.3846
 -1.3165
  0.6718
  0.1608
 -0.4628
 -0.6723
  0.1585
  1.1788
  1.5762
 -0.3867
  2.0141
 -0.5059
 -1.2194
 -0.3674
  0.7410
 -0.1022
 -0.9116
 -0.1837
 -0.2132
  0.3469
 -0.1183
 -0.1329
 -0.1518
  0.1391
  0.4712
 -0.5046
 -0.6510
  0.1877
  1.2970
  0.0663
  0.9200
 -1.1562
 -0.7062
  0.9931
  0.3018
  0.2337
 -1.0597
 -0.6808
 -1.1230
 -0.0084
  0.0992
 -0.4060
  1.4896
 -0.2726
 -0.0712
 -0.5765
  0.0064
 -0.8762
 -1.1895
 -1.6378
  0.4800
  1.2959
 -0.0729
  0.2601
 -0.1510
 -1.1479
  0.7317
  0.4198
 -0.9680
 -0.5004
 -1.9495
 -0.0407
 -0.2400
  1.8622
 -1.3382
 -0.8948
  0.8439
  1.9055
  2.5659
 -0.7955
 -1.1848
  0.8167
 -0.3383
 -0.0179
  0.0280
  2.1023
 -0.2851
 -1.7801
 -0.7737
  0.2769
 -0.3996
  0.6751
  1.3760
 -0.6558
 -0.2008
  1.2689
  1.7931
  0.2720
 -1.4617
  0.7900
 -0.1670
 -0.7850
  0.4807
 -1.3432
  1.7232
 -0.0197
 -0.5181
 -0.1772
  0.2427
  0.7939
 -1.5763
  0.8964
 -0.5121
  0.8053
 -0.6291
  1.7327
  0.8319
  2.0348
 -1.2569
 -0.8876
 -0.4117
 -0.7589
 -0.5919
 -1.5379
  0.3652
  1.1654
  0.1763
 -1.4912
  0.0679
 -0.1936
 -1.2980
  0.1006
 -0.1565
  1.2598
 -0.0744
 -0.4291
  1.4226
 -0.3467
  0.5125
  0.4890
 -0.6345
  1.3793
  0.0923
 -0.1699
 -0.3993
  0.0079
  0.8779
  1.3572
  0.3889
  0.0566
  0.2809
  0.4263
  1.3575
 -0.6911
 -1.0669
  0.7163
  0.4205
 -0.0647
  1.4316
  0.4589
 -2.9342
 -1.4662
  0.8962
 -1.9503
  0.7743
 -1.1067
  0.0038
  0.4643
 -0.4752
  0.2925
  0.1927
  0.0089
  0.2002
 -0.5136
 -1.2413
  1.6271
 -0.6108
 -0.3692
  0.7231
 -0.3588
 -1.0548
  0.0307
 -0.1320
 -1.4494
  0.0274
  2.5174
 -1.2385
  1.8110
 -0.7155
 -0.5137
 -1.2549
  0.8486
 -0.7882
  0.2465
 -2.3579
  1.7135
  0.1177
 -0.8898
 -0.4727
 -2.0537
 -0.7697
 -0.0434
  2.3329
  0.5767
 -1.2086
 -0.2965
  0.7132
 -1.7763
 -0.9781
  1.4816
  0.9146
 -0.8789
 -0.7952
 -0.1822
 -0.2480
 -1.9389
  0.1363
  0.5853
  1.3328
  0.3354
 -0.3388
 -0.3478
 -1.1200
 -0.8949
  0.7314
  0.1669
 -2.2641
 -0.7082
  0.5956
  0.1128
 -1.2193
 -0.3760
 -0.4811
  1.0834
  1.6268
  0.7244
 -0.5584
  1.1804
 -0.8083
  1.2828
 -0.3089
 -1.2365
  1.4604
 -0.5653
  0.1394
 -1.5632
 -1.1573
 -0.7083
  0.9354
 -0.3811
 -0.0137
  0.4821
  2.1138
 -0.2143
 -0.2075
  0.6988
  0.3291
 -1.8957
  1.5284
 -2.9121
  0.3383
  0.7112
  1.0793
  1.2005
 -0.8271
 -0.9438
 -0.3777
 -0.3305
  0.4363
 -0.2138
 -0.8725
 -0.6778
 -0.5564
 -1.6496
  1.2468
  0.7222
  0.4324
 -0.7609
  0.5964
  1.0845
 -1.1557
  1.5685
  0.8085
  0.3111
  0.0539
  1.1416
  0.8981
  0.4818
 -0.9152
 -2.7601
  1.5489
 -0.5607
  0.4711
  0.5447
  0.1154
 -0.8415
  0.2395
  0.6296
  0.3444
  0.4722
  0.4293
  0.6452
  2.3550
  1.4156
 -1.0697
  1.2304
  1.6040
 -1.8791
  0.7084
  0.4028
  0.6720
  0.1836
  0.8025
 -0.7141
 -0.3214
 -0.6670
  1.0229
  1.5362
  0.5395
  1.1161
  2.0389
 -1.2038
  0.8342
 -0.1620
 -0.5576
 -1.3881
  1.0622
  1.0036
 -0.6637
 -0.0642
  0.6231
 -2.2424
  0.8466
  0.8866
  0.7916
  0.5211
  0.0446
  1.5027
 -0.4721
  2.2339
 -0.9447
  1.1268
 -0.2771
  0.5125
  0.1519
 -1.7207
  0.2617
 -0.4265
 -2.8080
 -0.1397
  1.0840
  2.1767
 -0.7169
  1.4499
  0.0571
 -0.6942
  1.1831
 -0.5175
  0.1586
  1.2756
  0.8360
 -0.6137
  1.3044
  1.2935
 -1.4499
 -0.0550
  0.5551
 -0.1637
 -0.0825
  0.2210
  0.1266
 -1.6709
  1.5802
 -0.7639
 -1.2453
 -1.0973
  0.6102
  0.7474
 -1.3313
 -0.0218
  1.7579
 -0.2944
  0.9857
  0.1400
 -1.7255
  0.9133
  1.1769
  0.1293
  1.6435
  0.2105
 -1.2596
  0.6358
 -0.3790
  2.2063
  0.5407
 -1.4191
 -2.5591
 -0.2778
 -0.5646
  0.0628
  0.8643
  0.9408
 -0.9416
 -0.6641
 -1.1887
  0.0587
 -1.1577
 -1.1089
  0.6147
 -0.0489
 -0.8216
  1.2603
 -2.0527
 -1.2187
  0.5302
 -1.0840
 -0.5431
  1.2649
 -0.9116
 -1.0695
  1.5795
 -0.3011
  1.1387
 -0.7000
 -0.8059
  0.3781
 -0.7634
 -0.8179
  0.6201
 -0.5378
  0.7854
  0.2959
  0.7740
 -0.9673
 -1.0899
 -0.6429
 -0.2470
  0.4640
 -0.9756
 -0.2996
 -0.8453
  1.3225
 -0.4452
  0.5752
 -0.6992
  1.3725
  0.0807
 -0.3284
 -0.9460
 -0.7472
  0.5945
 -3.0644
  0.0229
 -0.6665
 -1.4842
  0.1951
  0.4119
 -1.1815
  0.8441
 -0.6630
  1.1632
 -0.3711
  0.5526
  0.6388
  0.2329
  0.3902
  1.6097
  1.2658
 -0.7748
  0.5955
  0.4885
 -0.5044
 -0.2929
  0.7714
  1.1005
 -1.2839
 -1.8081
 -1.0618
  0.2102
 -0.2854
 -0.9397
 -0.9001
 -0.3098
  1.1145
 -0.0654
  1.4902
 -0.0554
  0.6969
 -0.2383
 -0.4562
 -0.4647
  0.0855
 -0.2775
 -0.1649
 -1.6093
  0.0090
  1.4165
 -0.3075
  0.5039
 -0.4360
 -0.1310
 -0.2735
  0.4248
  0.4793
 -1.9414
 -0.2201
  1.0072
 -2.0295
 -0.3251
  1.7163
 -1.5745
  0.8794
  1.6086
 -0.7041
 -1.7852
  0.7934
  1.2132
 -0.7428
 -0.4182
 -2.0604
  0.0044
 -0.5378
 -1.4731
 -0.4730
  0.1599
 -0.1375
 -0.5286
 -0.0901
 -0.4721
 -0.7518
 -1.0953
  1.9011
 -0.9443
  0.3051
  0.8516
  0.4451
  1.0554
  0.2418
 -0.0954
 -1.2943
 -1.0209
 -1.2800
 -0.5865
  0.9869
  0.8848
 -0.9813
 -0.0422
  0.5082
  0.5900
 -1.3192
  1.5178
 -0.5582
  0.4284
 -0.1894
  0.2987
 -1.0373
  0.9411
  1.7209
 -0.6834
  0.0007
  0.2991
  0.4642
  0.3585
  0.4611
 -2.3413
  0.2385
  0.3465
  0.6411
  0.2604
  2.2070
  1.6022
  0.7084
 -0.2615
 -0.9424
 -0.6745
  1.2875
  0.7000
 -0.6041
  0.9960
 -1.2269
  0.7928
  0.1644
  1.5790
  1.0565
  0.2832
 -0.2418
  0.3906
  0.6474
  0.8118
  0.4371
  0.0144
 -2.6343
  2.1037
  0.8182
 -0.9135
 -0.4190
 -1.4011
 -0.2268
 -0.2896
  0.0465
  0.8465
 -1.8418
 -0.7275
  0.4288
  0.0278
  0.7266
 -0.1680
  1.5293
 -0.1161
 -1.8053
  0.1545
 -1.9692
  1.2253
  0.6981
  1.0241
 -0.3607
 -0.2309
 -0.5309
 -0.4688
  0.6940
 -0.6782
 -0.8344
 -0.8208
  0.3688
 -0.8690
 -2.3116
  0.3222
 -2.6669
 -0.9732
  1.8928
 -0.1045
  1.6839
 -0.1692
  0.2711
 -0.7466
  1.0938
 -0.2949
  1.6963
 -0.8596
  0.8960
 -0.3044
 -1.0062
 -1.1091
  1.1694
  0.6519
 -0.6990
 -0.4782
 -0.9320
  0.8068
 -0.3095
  1.2977
  1.3592
  0.3070
 -0.6459
  1.3573
 -0.1161
  1.0424
 -0.6438
 -0.7005
 -0.3164
  0.1735
 -0.4382
  0.8158
 -2.1714
 -1.8016
  0.4249
 -1.1866
 -0.8098
  0.5764
 -0.4669
  0.6259
  0.1174
 -1.4568
 -1.0978
 -0.2912
 -0.0752
 -2.2829
 -0.2740
 -0.5829
  0.8445
  0.2642
 -0.9494
  0.2230
 -0.5504
 -0.4552
 -1.0818
  0.3461
 -1.0165
  0.1396
  0.3554
  1.0454
 -0.7196
 -0.6673
 -0.9167
 -0.4028
  0.4399
 -1.5126
 -1.2017
 -1.3700
  2.6330
 -1.4047
  0.8441
  0.4311
 -0.1749
 -1.2627
 -1.2596
 -1.1445
  0.1379
 -0.1389
 -1.4265
 -2.2291
  0.7343
  0.2903
 -1.1175
 -2.1816
  1.3092
  0.1562
 -1.7573
  1.0878
 -0.3716
 -0.6110
  1.1992
 -1.2085
 -1.5635
 -1.2491
 -0.4015
 -1.4086
 -0.1140
 -0.5288
 -1.2120
 -1.2840
 -1.5022
  0.1354
  1.0872
  0.3676
 -1.1995
 -0.3313
 -0.3521
 -0.1540
 -0.5451
 -0.0843
 -0.6504
 -0.7737
 -1.3055
 -0.1331
 -1.2291
  1.2613
  0.5578
 -0.9263
 -3.0144
 -0.1697
  1.8197
  0.8979
  0.2086
 -0.7464
 -1.8787
 -0.9783
  0.3414
 -1.4007
  0.0811
 -0.9732
  1.1517
 -0.4863
  1.0575
  0.0403
 -0.1886
  1.1235
  0.6584
  0.4833
  0.2755
  0.0256
  0.1766
 -1.0753
  0.4598
  0.3868
  1.6129
  0.1088
  0.1868
 -0.4761
 -0.4462
  0.0521
 -0.1753
  0.3434
 -0.0046
 -0.1590
 -0.0800
 -0.4030
 -0.5526
 -0.6661
  0.6373
 -0.0659
  0.9182
  0.7250
 -2.6960
  2.2297
 -0.1431
 -0.4005
  0.6109
  1.0848
  1.5022
 -0.5951
  0.1157
 -0.5771
 -1.2367
 -0.5650
  0.4458
  0.9132
  0.4021
  1.7278
  0.0411
 -1.1650
  0.4039
 -0.5634
 -0.2474
 -0.7704
 -1.5615
  0.1812
 -1.2533
  1.4363
  0.4494
 -1.1915
 -0.7036
  2.3066
 -2.3141
 -0.9580
 -1.6912
 -0.3234
  2.1651
  0.7729
 -0.9368
  1.6172
  0.9118
 -0.9406
  0.7573
 -0.2577
  0.8324
  2.8061
  0.3311
 -0.1484
  0.0925
 -1.0216
 -1.0609
 -0.7821
  0.4409
 -0.0363
 -0.8652
  1.3651
  0.8682
  1.5467
  0.3320
  0.2486
 -0.3227
 -0.6949
  0.4319
  1.1004
 -1.8195
  0.5392
 -0.7362
 -0.2125
 -1.2614
 -0.4771
 -1.8914
  0.6631
  0.1002
 -0.7151
  0.7629
 -0.4998
  0.0579
  1.2960
  0.1156
  0.5578
  2.5457
  0.3219
  0.0035
  0.5933
  0.9274
 -1.1354
 -0.3874
  0.3426
  0.5334
  0.0818
 -0.8234
  1.6828
  0.2239
  0.1869
 -0.1123
  1.0112
  0.0222
 -0.6278
 -0.0327
  1.2874
 -0.9873
 -0.3186
  0.3570
  0.5935
 -1.1107
  0.7874
  2.5511
 -0.0988
 -0.3194
  0.7608
 -1.7869
  0.6159
  0.1478
 -0.6980
  0.5092
 -0.6913
 -0.0212
  0.3821
  1.2698
 -2.5964
 -0.8371
 -0.7799
  0.1678
  0.6263
  2.5172
  1.9813
  0.4240
 -0.3640
 -0.3958
 -1.8762
 -1.4418
  0.8180
  1.3222
 -0.6945
  2.0120
  2.4739
  0.7683
 -0.0691
 -0.1694
 -1.0674
 -0.7574
  0.3402
 -1.6203
  0.0485
  0.5886
 -0.6929
 -0.7136
 -0.3143
 -1.4326
  0.4555
  0.7305
  0.2754
 -0.6669
 -1.6013
  0.6000
 -1.0677
 -0.0506
 -0.4554
 -0.6420
 -1.1823
 -2.1562
 -2.2882
  0.3924
  1.4125
  0.4162
 -0.7260
  1.0157
 -1.1404
  2.3123
  0.8768
  0.3243
 -0.0804
 -0.6937
 -0.8353
  1.2460
  0.3185
  1.9329
 -0.5970
  0.4629
 -1.0922
  0.3793
  0.5413
 -0.1058
 -0.9366
 -1.0356
  0.0705
 -0.2215
 -0.1228
 -0.2924
  1.4553
 -0.9406
 -0.1525
  1.9023
  0.9935
 -1.5032
  0.4039
  1.9893
  0.9449
  1.8306
  1.1158
  1.2437
 -2.4082
  0.4546
  0.3463
  0.7977
  0.7527
  0.6633
  0.7280
  0.6433
 -0.2321
  0.3495
  0.9129
  1.6943
  0.6238
  0.2173
  1.9522
 -0.5175
  0.7743
  0.7991
  1.0964
  0.9788
  0.3980
 -0.7250
 -1.5126
 -0.5317
  0.5368
 -0.5680
  0.2510
 -0.6514
  1.0822
  0.5327
  1.4913
 -1.4563
 -1.3466
 -0.4834
 -0.6416
  1.4594
  0.1797
  1.7742
  1.1333
 -0.1340
 -0.1633
  0.5451
  0.5478
 -0.0456
  0.6683
  0.9512
 -0.3832
  1.0193
 -0.0829
  0.5949
  0.0162
 -2.4715
 -1.9462
  0.0464
 -0.0621
 -0.3922
 -1.8400
 -2.2849
 -0.7134
  0.9030
  0.9520
 -0.7284
 -0.0610
  1.1746
 -0.3284
  0.3392
 -0.4695
  0.2016
  0.2268
  0.0857
 -1.2653
 -2.0020
 -0.0315
  1.3155
  0.8193
  0.4629
 -0.3809
 -0.1689
  0.7047
 -0.6722
  0.5073
 -0.4980
  0.0907
 -0.4799
 -0.6427
  0.0714
  0.3859
  0.8291
  0.9839
 -0.9695
  0.0810
  0.0566
  0.7524
 -1.1205
  0.5476
  0.6895
 -0.5374
 -1.4128
 -0.6346
  0.5462
 -0.8106
  1.8502
 -0.8066
  0.4701
 -1.1977
  0.7578
  1.2119
 -0.2435
  1.7978
  1.7724
  0.9813
 -2.0986
 -1.8570
  0.8168
  2.0274
  0.9818
 -1.8133
  0.0793
  0.6886
 -1.6109
  0.2148
  0.8276
  0.1604
 -0.1837
  0.7627
  1.1493
  1.3592
  0.0054
  1.2182
  0.6415
  0.7611
  1.2513
 -0.4442
  0.2533
 -0.2181
 -0.5263
 -0.8338
 -1.9916
  0.4304
 -0.6323
  0.6863
  1.1397
  0.6686
  0.0532
  1.6384
 -1.1433
 -0.2470
 -1.1954
  1.5373
 -1.5172
  1.3022
  0.9832
 -0.5601
  0.3042
  0.4135
  0.0783
  1.3040
  1.8328
  0.1321
  0.0192
  0.9113
 -2.5394
  0.1701
 -0.2491
 -0.0703
 -0.0323
 -0.8359
 -1.2400
 -0.1934
  1.2879
  1.4317
 -0.9082
  0.0429
 -1.5394
 -0.9761
 -0.4843
 -1.2190
 -0.2049
  2.4364
 -0.1654
 -1.1184
  1.0428
 -0.6799
 -0.5795
  2.2202
 -1.5251
  0.0903
 -2.1838
 -1.0218
 -0.0621
  1.2045
 -0.5603
  0.1843
  0.5275
 -0.8118
  2.0082
  0.5615
  0.8648
 -0.4521
 -0.3482
 -0.4779
  0.3114
 -0.3938
  0.1205
 -0.2486
 -0.5428
  0.7926
 -0.0883
 -1.3651
  0.6210
 -2.1620
 -0.0762
 -0.3099
 -0.3331
 -0.1050
 -0.7510
  0.3770
  1.1176
 -0.0449
  0.7297
 -2.3065
  0.0541
  1.9967
  1.0231
  0.1681
 -0.3133
 -1.9271
 -0.9233
  0.1717
  1.4155
 -0.0425
  0.8164
  0.4838
  0.8794
 -0.0415
  0.9305
 -0.3147
 -1.4204
 -0.6092
  3.2099
 -0.3348
 -0.6479
 -0.2182
 -1.9263
 -0.3361
 -1.7660
  0.7616
 -0.5528
 -1.0366
  1.5218
 -0.0335
 -0.9447
 -0.3077
 -0.2018
 -0.6813
 -1.0281
 -0.0760
 -1.3421
  0.1624
 -3.5292
  0.5972
 -1.2842
  0.3058
  0.9459
 -0.1138
 -0.4740
 -0.0033
  0.3385
 -1.0657
  0.6124
  1.9593
 -0.9493
 -1.6094
 -0.8610
 -0.4860
  0.2306
 -1.2311
  0.2828
 -1.6012
 -2.3200
  0.0418
 -0.5082
 -0.6732
  0.0506
  1.3856
  0.3154
 -1.5900
 -1.4926
 -1.1424
  0.2788
 -0.8300
 -0.4912
 -1.1069
 -0.0401
  0.8321
  1.8322
 -0.3085
  0.7191
  0.8290
  1.2122
 -0.5492
  0.4915
  1.0091
 -0.4253
  2.1953
 -0.7684
  0.7899
 -1.2451
 -0.2714
  0.8937
 -1.5606
  1.6478
  1.1105
  0.8858
  0.3630
 -0.6189
  0.2940
  0.4820
  1.2885
  1.4301
  0.4312
 -0.0056
 -0.1216
  0.8921
  1.0782
  0.2440
 -0.5594
  0.8400
  0.3037
  0.7075
  0.2493
 -1.3984
 -0.7794
  0.9156
 -0.3829
  0.2273
 -0.2936
  0.7353
  0.3690
  0.5869
  0.5305
  0.0651
  0.5592
 -0.1815
  1.5125
  0.2736
 -0.1336
  1.0017
 -0.5978
  0.9033
 -1.3407
  0.1477
  0.0621
 -0.0940
  0.8621
 -0.5900
 -0.3495
 -1.9597
  0.8221
 -1.7886
  0.8583
  0.8372
  0.4087
 -0.4581
  0.6912
  1.1677
  0.1698
  0.1244
 -0.3026
 -0.2530
 -1.2682
  1.8102
 -1.1405
 -0.8829
  0.9413
  1.4841
 -0.1148
 -1.3984
 -0.1943
 -0.5049
  0.0900
  0.1284
 -0.1863
  0.8072
  1.0958
 -0.4898
  0.7380
  0.5360
 -0.5286
  1.8001
 -1.7130
 -1.1248
  0.7606
  0.2699
  1.6516
 -0.6629
 -1.6702
  0.0197
 -0.4060
  2.5868
 -0.7195
  0.7138
  1.0981
  1.1130
  0.9757
  1.0848
 -1.4716
  0.3793
 -1.7248
  0.6156
  1.1972
 -0.7928
  0.1169
  0.3637
  0.0851
 -0.3716
  0.4524
  0.5146
 -0.0169
  1.7799
 -0.1015
  0.5454
 -0.3214
 -0.0741
  0.2478
  2.3763
  1.8629
 -1.4507
 -0.9375
  0.6590
 -0.4175
  0.0401
  1.0715
 -0.2646
  0.2375
  0.2238
  0.0359
 -1.6601
  0.5052
 -0.7040
  0.7408
  0.3584
  0.9226
  0.6492
 -0.7385
  0.6056
 -0.8087
 -0.2816
  2.3047
 -0.2394
  1.5134
 -0.1773
 -0.2478
  0.8654
 -0.5223
  0.0111
 -1.3621
 -1.0094
 -1.7691
  0.1608
  0.8809
  1.2863
  0.8420
 -0.5355
  0.1179
 -2.4206
 -1.9813
  2.1455
 -0.3092
 -0.5004
 -1.8033
 -0.1621
 -2.5782
 -0.4643
 -0.7898
 -0.2478
 -0.0877
 -0.0819
 -1.1493
  1.1625
 -0.3680
  0.7740
  0.5136
 -0.2674
 -0.5191
  1.9729
 -0.1675
 -0.3271
 -0.0092
  0.4615
 -0.6079
 -0.3101
  1.3411
 -0.9727
  0.3267
  0.9024
  0.4337
 -0.4161
  0.9141
  0.1101
 -0.0666
 -0.4712
 -0.6149
  1.1579
 -0.5312
 -1.5810
 -0.8694
 -0.2711
 -0.4622
  0.6847
  0.8630
 -0.2801
 -1.9001
 -0.4756
 -0.1067
  0.4225
  0.9445
  1.3369
 -0.6067
  0.5074
 -0.0665
 -0.3687
 -0.6231
  1.2847
  2.4134
 -0.8823
  0.2000
 -0.1358
  1.0531
  0.3979
 -1.0528
  0.3148
  0.2112
  0.3422
 -0.6107
 -0.3202
 -0.1874
  2.1471
  0.8296
  1.9332
 -1.4736
 -1.1589
  0.2971
  0.3817
  0.7778
 -1.5992
 -1.4829
 -0.5978
  0.3891
 -0.0713
  0.4694
 -1.1426
 -0.4985
  0.4657
 -1.7849
  1.6316
 -0.8813
  0.8122
 -1.3814
  1.9044
 -3.1111
  0.1183
  2.4337
 -0.8176
 -1.4815
  0.9156
 -0.1823
  0.3662
  1.5718
  0.0491
  0.4223
 -1.5486
 -1.7812
  0.8654
 -0.5589
 -0.2052
 -1.5597
 -1.3230
 -0.0775
 -0.1839
 -0.6303
  1.1099
  0.3370
  0.2574
  1.3569
  0.0062
  0.6166
 -0.8027
 -1.0077
  0.7489
 -0.3478
  0.4970
 -0.4684
  0.6480
  1.2299
 -2.2473
  1.4586
 -1.5624
 -1.3111
 -0.0928
 -1.7233
  0.1302
 -0.7670
  0.7075
 -1.4966
 -1.0550
 -0.8958
 -1.6245
  0.4249
 -1.5868
  1.1972
 -0.3286
  1.1076
  0.4758
 -0.6588
 -0.0154
 -0.8056
 -0.5398
  0.4874
 -0.9789
  0.0332
  0.7121
 -1.7107
  1.0687
 -0.8800
 -0.1699
  0.2464
 -1.0851
 -0.2342
 -0.1605
 -1.0719
 -0.3567
 -1.3269
 -0.3155
  0.2100
  0.1729
  0.7291
 -0.2245
 -1.8440
  0.9640
 -1.4890
  0.7412
  0.8339
  0.8872
  0.5480
 -0.9189
  1.3118
 -0.2357
  0.7475
 -0.3133
  0.4146
  0.4242
  2.7766
  0.4732
 -1.2736
  0.3704
  0.5721
 -1.0033
 -1.4502
  0.0075
 -1.7390
  1.4955
  0.5254
  0.2746
  1.3529
  0.2827
 -0.4923
 -0.6080
  0.2436
  1.1381
 -1.0571
 -2.2239
 -1.5440
  0.1198
 -1.8740
  0.3467
  0.0479
 -0.4138
  1.8917
  0.1209
 -0.4718
 -0.8178
 -0.2388
  0.1681
 -0.1824
 -3.1612
 -0.4645
  0.9517
  0.6128
  0.9710
 -0.2323
 -0.2434
  0.9144
 -0.4025
 -0.2271
 -1.3781
  0.2211
 -0.0140
 -0.4817
  0.6095
  0.1929
 -0.5101
 -0.0907
 -0.7508
  1.3726
  0.4258
 -1.0936
  1.0654
 -1.0958
 -0.3231
  2.1270
 -0.4896
  0.8613
  1.3222
  2.6931
  0.1482
 -0.9061
  0.7310
 -0.8765
 -0.2805
  0.0498
 -0.2800
 -0.3169
 -0.2068
  0.4524
  0.5356
 -1.1812
  0.4243
  1.3283
  0.1759
  0.1188
  0.3239
 -0.8689
 -0.8306
 -0.9763
 -0.1777
 -0.9139
  0.8391
  0.0715
  0.8696
 -1.8564
  0.3945
 -1.2394
  0.1132
  1.2503
  0.1366
 -1.5185
  0.5007
 -0.2362
 -0.4370
 -1.4942
 -1.4897
 -0.3416
  0.0495
  0.5625
 -0.8881
  0.0149
  0.1047
  0.4449
  0.2010
 -0.0073
  0.0770
  0.6464
  0.6460
  0.2006
 -1.8595
  0.1191
 -1.0463
 -3.3309
  2.2219
 -0.7286
  1.0732
 -0.5741
  0.2317
  0.5843
 -0.7170
 -1.6352
 -0.8066
 -0.1851
 -1.3233
 -0.2663
 -1.4127
  0.6104
  0.6915
 -0.5156
 -0.4717
 -0.5841
  0.6075
 -0.1781
 -0.0130
  0.0989
  0.1039
  0.2608
 -1.8881
  0.2676
 -0.4567
  0.6831
 -1.2023
 -0.2762
 -0.2761
  0.2870
  0.8535
  0.8113
 -0.0855
  0.3185
 -0.0645
 -1.0112
 -0.0382
 -0.3639
  0.9821
  2.0396
 -0.1899
  0.9597
  1.3276
  1.5539
 -0.4007
  0.6946
 -0.0950
  0.2615
 -0.0199
 -1.2282
  0.6255
 -1.0589
 -0.0134
 -1.0673
 -1.2036
  1.1337
 -2.6987
  0.0612
  0.7617
  0.1437
 -0.6278
  1.6654
  1.8981
  1.7991
 -0.5810
 -0.4341
 -1.0359
  0.9263
 -0.1186
  0.1915
 -0.1910
 -1.9014
 -0.5315
 -1.0916
 -0.9182
  0.8601
 -0.8390
  1.1054
 -0.2318
  0.3517
  0.4338
  0.2253
  0.6338
 -0.4673
 -1.4714
  0.2404
  0.5636
  0.8996
 -0.7767
 -0.4123
 -1.1260
 -1.5164
  0.8150
  1.8134
 -0.6223
 -1.2722
 -0.2072
  0.7461
 -0.6953
 -0.0164
  0.4992
 -0.4406
 -0.8632
  0.3383
  1.6280
  0.7969
  0.3559
 -0.6244
  0.8842
  0.9522
  0.5777
  0.0655
 -0.8736
  0.2735
  0.2884
  0.3741
  0.2162
 -0.2712
  1.0585
 -0.5476
  0.2366
 -0.5255
  1.5263
 -0.7372
  1.1107
 -1.3915
 -0.5900
  1.3414
 -0.4394
  0.3162
 -0.6226
  0.4080
 -3.1157
  1.0267
  0.8281
 -0.7665
  1.3908
  0.8334
 -0.7569
  2.1894
  0.9769
 -0.9884
  0.0664
  0.4490
  0.7458
  0.6731
 -0.6526
 -0.8786
 -2.4570
 -0.5545
 -0.4103
  0.3343
  0.3147
 -0.0395
 -0.4462
  1.6150
  0.0053
  0.1339
 -0.1680
  1.6015
  0.3038
  0.6266
  0.0986
  1.0365
 -0.2874
 -0.2806
 -0.1407
  1.3577
 -0.9494
  1.3510
  2.2438
 -1.1888
 -1.1645
  0.7009
  0.1298
  0.3595
 -0.1435
 -0.9859
 -0.7643
  0.4642
 -0.8302
  2.3280
  0.3001
  0.1669
  0.7934
 -1.5757
  0.0568
 -0.3320
 -1.9438
  0.7000
 -0.2496
  0.8409
  0.8847
 -2.7059
 -0.7372
  1.1996
 -1.0140
 -0.7909
 -0.1247
 -1.1569
  0.5063
  1.5492
  1.6480
 -1.0139
  0.0309
 -0.0478
  0.2779
  1.6536
 -0.9202
  1.5027
  0.2212
 -0.3543
 -1.3434
  2.5689
 -0.7445
  0.9956
  0.3459
 -1.4957
  0.9163
 -0.0296
 -0.1905
  0.5991
  0.1269
 -0.8299
  0.4703
  0.0349
  0.1846
  0.5102
  0.8294
 -1.1002
 -1.5792
  0.7000
 -1.5274
 -0.3867
  0.5579
 -1.0532
  0.5183
  0.1952
  1.4124
  0.8546
  0.9357
 -0.1541
  0.5802
 -1.5848
 -1.4050
  1.0898
 -2.0509
  0.0883
 -0.0453
  1.3966
 -0.5263
  0.3982
 -0.2345
  1.6484
 -1.1472
  1.8465
 -2.7080
 -0.2732
  0.1490
  0.5412
  1.2876
  0.9591
 -0.7750
  2.5258
 -1.2242
  1.5717
 -2.3063
  1.0947
 -1.9739
 -1.4939
 -0.1247
  1.3548
 -0.2707
 -1.1598
  0.4212
 -0.5703
  0.6868
  0.8249
 -0.7222
  1.8555
 -0.7134
 -0.1747
 -0.8990
 -1.1268
 -2.7753
  1.0941
 -1.9971
  0.4117
 -0.8797
 -0.0462
  2.3034
 -0.6076
 -2.0385
 -0.5148
  0.1969
  0.8137
 -1.6155
  2.0774
  0.3638
 -0.0308
  1.8980
  0.8351
 -1.0868
 -0.3335
 -0.5733
 -0.3598
 -1.6137
  0.5233
  0.5424
 -1.7959
  1.1009
  0.0663
 -0.7564
  0.3581
  0.0808
  0.4170
  1.2431
 -0.3962
  1.0871
  2.5576
 -0.1936
  1.0576
  0.0872
  0.4572
  0.8253
  1.4531
  1.1043
 -0.0231
  0.7196
  0.0234
  2.2860
 -1.0937
  1.9852
 -0.5204
  0.5656
  0.0950
  0.6919
 -0.8474
  0.9250
  1.1765
  1.4222
  0.1803
  0.2312
 -0.4244
  0.0591
  0.0417
 -1.0568
  0.3466
 -0.4760
  1.2459
  0.7622
  0.6149
 -0.3973
 -0.4133
 -0.2369
 -1.4431
  0.4988
  0.0498
 -0.0324
  0.3552
  0.3744
  0.6913
  0.1038
  0.5557
  0.1971
  0.7133
 -0.7617
 -1.3641
 -0.2011
 -1.9579
  0.7807
 -0.4630
  0.0634
  0.2055
  2.5218
 -0.1194
 -0.9872
  0.6992
 -0.6049
  2.2315
 -0.1253
  0.3921
 -1.2770
 -0.1742
 -0.1709
 -0.7638
  1.0830
 -1.1303
 -0.2533
 -0.4677
  0.4312
  0.0104
  0.6802
  0.1771
  0.6295
  0.9828
  1.8003
  0.9138
  1.2123
 -0.7156
  0.6791
 -0.2832
 -0.5389
 -0.4769
  0.1460
 -0.3591
  0.3260
  0.7437
 -0.5822
 -0.9810
  1.4451
 -0.9363
 -1.2551
  0.1456
 -2.3833
 -1.1837
 -0.0501
  1.8255
  1.3879
  0.3422
  1.1827
  0.3429
 -0.0426
 -0.8005
  0.5839
  0.3609
 -0.7788
  1.8484
 -0.2825
  0.7146
 -1.3632
  0.4031
  0.1960
  0.8244
 -0.6943
  1.9184
 -1.1752
  0.4715
  0.2137
  0.4062
 -1.4220
  0.9472
 -0.1741
  0.6857
 -0.8470
  0.3734
  0.3785
  0.0273
 -0.1063
 -2.0607
 -0.7212
 -1.1165
  1.7731
 -1.3963
  0.3645
  1.1612
 -1.4014
  0.0709
  0.6003
  1.0876
 -0.9301
 -2.2520
  0.6354
 -1.0384
  1.2480
  0.4746
 -0.9194
 -1.4222
 -0.9044
 -0.7792
 -0.7887
  0.1906
 -0.9804
  1.1063
 -0.0246
 -0.3806
 -0.3401
  0.0106
 -0.5968
 -0.6639
  0.4051
 -0.8052
 -0.8769
  0.6540
  0.2062
  0.5308
  1.0405
  1.1173
 -0.9843
  1.1348
  0.7600
 -0.8813
 -0.9350
  0.9884
  0.0236
  1.3377
 -0.7224
 -1.5441
  0.5425
  0.4478
 -0.5228
 -0.7841
  1.0589
 -1.5302
 -0.8980
 -0.5946
 -0.2721
  0.7582
  0.3393
  0.0152
  0.7608
 -0.8571
  0.2079
 -1.0808
  1.6536
 -1.2478
  0.9408
 -1.6254
  0.1414
 -0.7248
 -0.8595
 -0.3351
  0.3321
 -1.0386
  0.6233
 -0.4280
 -0.3893
 -0.2660
 -0.9621
 -1.8534
 -1.8916
 -2.2508
 -0.1868
 -1.0897
  0.8184
 -0.0382
  0.9806
 -0.6710
  1.0679
  0.3098
  0.6403
 -1.2391
  0.3215
 -0.6344
 -1.8704
  1.2976
  0.7683
 -0.6628
 -0.4242
  0.1976
 -0.8396
 -1.3279
  0.1680
 -0.7573
 -0.9736
  0.4913
  0.3727
 -0.1664
 -0.8345
 -0.2698
  0.0930
 -0.6577
  0.5192
  1.8154
  0.1000
  1.2580
 -0.3437
  1.3676
  1.4803
  0.3522
  1.8637
 -0.2596
 -0.2168
 -0.3703
 -0.8027
 -0.8375
 -0.5670
  0.9279
 -1.0247
 -0.8593
  0.2223
  0.2329
  1.2731
 -0.3942
  0.3182
  1.3744
  0.5687
 -1.4289
  0.3625
  1.4120
  0.1050
 -0.4333
  0.7641
 -0.1680
 -0.6658
 -0.5415
  0.0915
  0.9027
  0.4124
  0.0305
 -1.1491
 -0.6440
 -0.3983
  2.2166
 -1.1490
 -1.5432
 -0.8264
 -1.1102
 -0.0480
 -1.6443
 -1.3564
  0.4550
  0.4946
 -0.3802
 -1.1471
 -1.2305
  1.0055
  2.7608
 -0.2363
 -0.5673
  0.9602
  0.2234
 -1.0217
 -1.6243
 -1.0744
  0.0394
  0.7376
  0.9320
  0.1388
  1.0581
 -2.0601
 -0.8955
  0.2809
  0.6349
 -0.7957
 -0.0826
 -1.4420
 -0.2117
 -1.3620
  0.7166
 -1.3891
 -0.4397
  0.6836
  1.0947
 -0.1212
  1.4693
 -0.6925
 -0.5469
  0.7322
  0.4492
  1.6719
 -0.6382
 -0.6937
  2.3264
 -2.2118
  1.2820
  0.7533
 -0.0107
 -0.9824
  1.0795
  0.4036
 -0.5139
 -0.6905
  0.4561
 -1.6978
 -0.2631
  1.9892
  0.2364
  0.4040
  0.2616
 -2.4275
 -0.8018
 -2.3010
  0.5523
 -0.7074
 -0.8871
  1.8935
  0.2729
  1.1242
 -1.4651
 -0.0059
 -0.9390
 -0.9392
  0.2753
  2.0467
  0.1234
  0.0866
 -0.8253
 -1.6663
  0.2091
  2.2821
  0.3099
 -1.9301
 -0.8785
 -0.6937
 -0.6989
 -0.1769
  1.5411
 -1.5652
 -0.9389
  1.5116
  0.7699
  1.6533
 -0.1106
  0.5128
 -0.4397
  1.2577
 -0.0730
  0.1302
 -0.0033
  0.0274
 -1.0449
 -0.3986
 -0.1508
 -0.4062
 -1.7730
 -1.5228
 -0.6698
 -0.6331
 -1.0033
 -0.4818
 -1.8041
 -0.1779
  0.7307
 -1.8182
  0.0643
  1.3178
 -0.4818
  2.0836
 -2.2663
  0.3424
  0.3154
  0.8151
  1.4577
  1.4582
  0.5166
  1.1017
 -0.9772
 -0.2963
 -0.8054
  0.5604
 -0.5668
 -0.2250
  0.7076
 -0.2562
  2.2907
  0.7725
  0.2340
 -0.5120
  0.3227
 -0.2307
  0.6602
  0.4963
  0.7943
 -0.0268
  1.0282
  0.0148
 -0.6636
 -2.0026
  0.2635
 -0.4708
 -0.1653
  0.0170
  0.3273
 -1.8081
  0.5917
  0.1786
  0.7063
  0.3747
  0.5608
  0.6625
 -0.6693
 -0.2799
  0.1936
  0.1774
 -0.2036
  0.7005
  1.9338
 -0.0830
 -2.0069
  0.5601
  1.2721
  1.1765
  0.0173
  2.1982
 -0.3657
 -0.6067
 -0.1882
 -1.5810
 -0.0931
  1.1527
 -0.7254
  0.2147
 -0.8320
  0.2659
 -0.6588
  0.8109
  0.0168
 -0.7117
 -0.9544
 -0.8262
  0.6083
 -1.4356
 -0.1261
 -0.3209
  1.0514
 -0.4528
  0.1601
  1.3425
  1.4807
 -0.5307
 -0.1985
 -2.5366
 -0.0144
  0.7064
  1.6827
 -1.0946
 -0.3725
 -0.1468
 -0.3131
 -0.9986
  0.3967
  1.0165
 -0.0990
 -0.0742
  0.1245
 -0.0711
  0.4459
 -0.6068
  1.0327
  0.1788
  0.6264
 -0.0342
 -0.1192
  0.9416
 -0.8990
  1.8935
  0.2312
 -0.7288
 -0.2212
 -0.2886
  1.2518
 -1.1459
  0.2585
 -0.2754
 -0.7870
 -1.0276
 -0.1705
 -0.7015
 -0.2412
  0.6008
  0.5678
  0.1313
 -0.0654
 -0.0222
  0.2462
 -1.1918
 -2.1406
  0.2123
  0.5629
 -0.2420
  0.0959
  0.9605
 -0.8876
 -0.8888
  1.2232
  0.1590
 -0.1445
  0.3522
 -0.5584
  0.3290
  1.0804
 -0.1260
 -1.3655
 -1.0089
 -1.0278
 -0.1547
 -0.0474
 -0.5476
 -0.7875
  1.3285
 -0.0878
  1.9684
 -0.8739
 -0.7978
 -0.0834
  0.0778
  0.2151
 -0.1627
  1.8225
 -0.8502
  0.8859
 -0.8965
  1.2102
  0.2323
  0.0228
  0.3179
  0.4906
 -1.2717
  0.7629
  0.8913
  0.7115
 -0.3745
 -0.5475
 -0.1285
 -1.1732
  0.2344
 -2.6457
 -0.3803
  0.8262
  2.0096
  0.7106
 -0.5788
 -0.8837
 -1.2892
 -1.0946
 -0.2981
 -0.8036
 -0.0648
  1.1455
 -1.7775
 -0.3782
 -0.2872
 -1.1835
 -0.4587
  0.2854
  2.0679
 -0.1553
  0.5135
  0.4771
 -0.2616
  2.0657
 -0.9300
 -0.1523
 -0.0380
 -1.2973
 -0.9367
 -1.5477
  0.1155
 -0.6660
 -0.3266
  1.4079
 -2.1375
 -2.2832
 -0.3629
  0.1470
 -0.5038
 -1.0786
 -1.3213
 -0.5148
 -0.0888
 -1.2987
 -1.1938
 -0.3934
 -1.4623
  0.3978
 -0.2419
 -0.8958
 -0.4590
  1.3116
 -0.3950
 -0.7283
  1.1277
 -1.2530
 -0.1990
  1.1533
 -0.7746
  0.5527
  0.1138
  0.3423
  1.0448
 -0.2316
  0.3937
 -0.3552
  0.5269
  1.3616
 -1.9598
 -0.5212
  1.3090
 -0.0495
  1.2685
  0.6005
 -0.7775
 -0.0605
  0.4426
 -1.2084
 -1.2599
 -0.6851
  0.5496
  0.0939
  0.2235
  0.1331
 -0.8206
  0.2133
  0.8295
 -1.1193
 -0.1912
  0.5622
 -0.2046
 -0.8044
 -0.2524
 -0.3325
  0.4761
 -0.9337
 -0.3367
  0.9618
  0.1097
 -0.4190
  1.1413
 -0.2641
 -2.1593
 -0.4431
 -0.6607
 -0.2690
  0.6269
 -1.4673
 -0.7151
 -0.6451
  1.3905
 -0.2279
 -1.0769
  0.3220
  0.0292
  2.0754
 -0.5886
 -1.4137
  0.4484
  0.9877
  0.6365
 -0.2322
 -1.3584
  0.6730
  2.5095
  0.0469
  0.0334
 -0.7003
 -0.0609
  0.9709
 -0.3705
 -0.0332
  1.2555
 -1.0692
 -2.1366
 -1.2093
  0.0122
  0.5736
 -1.0766
  1.6111
  0.4364
 -0.4933
 -0.3950
 -1.3167
  0.0640
  1.3443
 -0.1283
 -0.4382
 -0.6731
 -1.1298
 -0.0306
 -0.4498
  1.5018
 -1.8085
  1.0259
  0.0769
 -1.3967
  1.2679
 -0.6951
  0.9709
  0.7079
  0.1320
  1.1643
 -0.4298
 -1.1050
  0.9449
 -1.8596
 -0.1977
  0.0537
  0.5477
  0.9736
  1.0922
  0.3438
 -1.2015
 -0.2141
  1.0787
  1.2256
 -0.6300
  0.4628
  0.4622
 -0.0424
 -0.0845
  1.2324
 -1.0193
  0.2795
 -1.4069
 -0.8595
  0.4805
  0.3799
 -0.8062
 -0.8817
 -0.7411
  0.0293
 -0.9522
  0.3320
 -0.2497
  1.2872
  1.2253
 -0.2142
  0.4886
 -0.1189
  0.4815
  0.1458
 -0.6476
 -1.7313
  0.0853
 -0.5086
  0.0409
 -0.9907
  1.2043
 -0.9046
  0.3526
 -0.2626
 -0.1458
 -0.0046
 -0.1317
  2.2675
  0.8268
 -1.0507
 -0.5164
  1.1638
  1.1963
 -1.4154
 -0.9405
  1.1613
 -1.8248
  0.6956
 -1.8609
 -0.7190
 -0.9118
  0.4088
 -0.2083
 -0.2860
 -0.8846
  2.2209
 -0.3240
  1.2072
 -0.7896
 -0.6244
 -1.4019
  0.6245
  0.0255
 -0.2184
 -0.0872
  0.3839
  0.7294
  0.8376
 -1.3971
 -0.4708
 -0.7589
  0.3265
 -0.7419
 -0.0047
 -0.5496
  1.1756
 -0.5635
 -0.2537
  0.6654
 -0.4975
  0.4506
 -0.3783
  1.0738
  0.6511
 -0.7208
  0.5996
 -1.5588
 -0.9119
 -0.5710
 -0.0754
  0.4415
 -0.4850
 -1.7848
 -0.3119
  0.4571
  1.1008
  0.2835
 -1.0066
  0.6448
 -0.2532
 -1.3601
 -1.6324
 -1.0761
 -0.3257
  0.7220
 -1.7651
  2.5773
 -1.0862
  0.5647
 -1.0492
 -0.0988
  0.0569
  2.8173
  0.0261
  0.2304
  0.3633
  1.3077
  1.5252
  0.4248
 -1.4315
 -0.8855
  0.4063
 -1.1748
 -1.8711
 -1.6652
 -1.4045
  1.9668
 -0.7255
 -0.6436
 -0.5081
 -0.7481
  0.5926
  1.0113
 -1.2777
  2.4602
 -0.6633
 -0.6797
  0.7599
  1.7340
  0.5258
 -0.3559
  0.5434
  0.5171
  0.5411
 -0.6066
 -0.9357
 -0.1680
  0.5785
 -0.7669
 -0.9546
 -0.2437
  0.3098
  0.4435
  0.0384
  0.0912
 -0.2103
  1.1791
 -0.3079
 -1.4077
 -1.0257
 -1.9846
  0.3415
 -1.6602
 -2.5941
 -0.6322
  1.1366
 -0.8982
  0.3368
 -0.4720
 -1.1416
  0.8398
 -0.5993
  1.4544
  0.9471
 -1.3599
 -0.1786
  0.1921
 -1.2098
  0.4463
 -1.2062
  0.3393
 -1.2653
  0.2792
 -2.0754
 -0.6620
  1.6394
 -2.3908
  1.5551
 -0.5054
  0.1827
 -0.2754
 -1.1431
  0.6479
  0.4790
 -0.6166
 -0.5741
  0.6654
 -1.0453
 -0.1886
  0.4907
 -1.2061
  0.6646
  1.3478
 -0.5689
  1.0104
 -1.4012
  0.5975
  1.7497
 -0.5014
 -0.4531
 -0.4389
  0.6749
 -0.3172
  1.1825
 -1.4368
 -1.3778
  1.2521
 -0.5942
 -0.0786
  1.7920
  0.6385
  0.3815
 -0.0402
 -0.4685
  0.7043
 -0.9109
 -1.4456
  0.0869
  0.0711
 -1.5080
  0.4888
  0.5881
  0.6890
 -1.1499
  2.1702
 -1.3826
  0.0279
 -1.5057
 -2.3592
 -0.5723
  1.5036
 -0.9905
  1.8500
 -0.8884
 -0.4905
 -0.5334
  0.9335
  0.0769
 -0.3445
  0.1798
  1.5550
 -0.9285
 -0.0763
  0.4720
  0.1015
 -0.2809
 -1.5064
 -0.0440
 -0.9586
 -1.2481
  0.1387
  0.5604
  0.4601
  0.2212
  1.4169
  0.0488
 -1.0919
  0.1060
  0.4177
  0.1403
  1.1755
  0.4837
  1.9054
 -0.1209
 -1.6402
  1.7682
 -0.2748
  0.5685
  1.4870
 -1.4429
 -0.8080
 -0.6205
 -1.3189
 -1.2945
  0.2382
  0.9166
  0.3035
  0.6462
 -1.0851
  0.0159
  1.0761
 -1.3864
 -0.5305
  0.5800
 -0.8323
 -0.0529
 -0.6095
  0.4052
 -1.3554
 -0.2990
  0.1795
  0.9033
 -0.4495
  0.0890
 -1.2328
  3.2089
  0.2985
  0.1053
  0.4612
 -0.1404
  0.7231
  0.9488
  0.2642
 -2.1850
  0.8719
  0.8724
 -0.4643
 -0.0737
  0.3273
 -1.0382
 -0.3654
 -1.2803
  0.6723
  0.7197
 -0.6230
 -0.2434
 -0.3685
  1.0344
 -2.1404
 -0.1990
 -0.9140
 -1.4244
 -1.8772
  0.7004
 -0.0562
  0.3444
  0.3105
 -0.0292
  1.1190
  1.2355
  1.6715
  1.2077
  1.2709
  2.0183
 -0.0837
  0.6962
 -0.7700
  0.9162
 -0.9761
 -0.4007
  1.5876
 -0.6957
  0.7658
  0.0497
  0.3654
 -2.1162
 -1.0140
  0.3811
 -0.2830
 -2.2315
  0.7346
  0.0521
  1.2529
 -0.3983
 -0.6394
  0.3367
  1.5062
  0.5508
  0.3953
 -0.3111
  0.0843
  0.1548
  0.6950
  1.1549
  1.2569
 -0.7405
  0.6815
  0.5024
  0.0190
 -2.0873
 -0.6997
 -0.2206
  0.3064
  0.7780
  0.1876
  1.5393
 -0.4598
 -0.9443
  0.3202
 -1.1163
  0.7402
  0.2714
 -0.4041
  1.3219
  1.1780
 -0.5847
  0.3074
 -1.1495
 -0.9478
 -0.2917
  0.1122
 -0.3195
  1.5807
 -0.3972
 -0.2345
  0.8944
 -0.8116
  1.2242
 -0.4557
  0.7489
  0.6676
  1.3012
 -0.3154
  0.9329
 -0.1967
 -1.3237
  0.3435
  0.0148
  0.5273
 -1.1837
  0.1720
  1.5881
 -0.4850
  0.8031
 -1.1727
  0.8412
 -0.1167
  0.6991
  0.0409
 -0.3625
  0.1307
 -0.0372
 -0.6143
  1.4604
 -0.5221
 -0.3794
 -0.2483
  0.8759
  0.6974
  0.3646
  1.0789
  2.0930
  0.3863
  0.7214
  0.1493
 -2.3154
  0.7139
  0.5489
 -1.0762
  1.9230
 -0.6423
  0.8906
 -0.3418
 -2.3279
  0.2448
  0.8996
 -0.3399
 -0.2402
 -1.1721
  1.4649
 -0.9549
 -0.6471
  0.6554
 -2.2322
 -0.0250
  1.0036
 -1.0895
  0.8877
  0.1412
 -0.8873
 -1.0405
  0.3041
  1.0394
 -0.8355
  0.9396
 -1.7250
 -0.6092
 -1.7876
 -0.5727
  0.5815
  0.3261
  1.1210
 -0.2103
 -0.7758
 -0.4849
  0.3264
 -0.2923
  0.2987
 -1.0460
 -0.7869
 -0.5614
  0.6765
 -1.1742
 -0.8835
  0.8497
 -0.7304
 -1.0331
  0.5086
  1.5346
 -0.3218
 -0.8007
 -2.0787
  0.4576
  0.8104
 -0.3363
 -0.3145
 -0.7293
  2.0111
 -1.7137
 -0.4820
  0.4273
 -1.2032
  1.5262
  1.4750
 -0.7133
 -0.3440
 -0.9765
 -0.8262
  0.5204
  0.3882
  0.4937
 -0.6116
 -0.9389
 -0.2139
  0.3010
  1.2042
 -0.0658
  0.6295
 -1.3919
  0.3114
  1.9434
 -0.4717
  1.0315
 -0.7374
  0.8774
  1.5137
  0.6689
  1.3595
  0.1429
 -0.9464
  1.2294
  0.2776
 -1.9919
  0.5734
 -0.6578
 -1.0330
  0.1326
  0.4486
  1.4735
 -0.0433
 -0.2894
  0.7429
 -0.6712
  1.1071
  1.0867
 -0.1075
 -0.3398
  1.2729
  0.1334
  1.5069
  0.0030
  0.9380
  0.4024
  0.9357
  0.0191
  0.0074
 -0.6781
  2.0162
 -1.1259
 -0.7591
  1.1451
 -1.0759
  0.1257
  1.1511
 -0.6186
 -0.0864
  0.0910
  0.7459
  0.3937
 -0.4376
  0.1510
 -0.5590
  0.2414
  0.0100
 -1.6492
  0.1124
 -0.4032
 -0.4838
 -1.2639
  0.1246
 -0.5383
  1.2437
  0.1744
 -2.1539
 -0.4170
 -1.1697
 -0.2851
 -0.4772
  0.0314
 -1.7021
  0.5700
 -0.2359
 -1.8403
  0.3364
  1.2792
  1.2024
  0.0529
 -0.2439
  0.5168
 -0.1971
 -1.7400
 -0.4760
  0.7930
 -0.2978
  0.2335
  2.5670
 -0.0801
  0.7064
 -0.6785
 -0.5647
 -1.1400
 -0.0457
 -0.2986
 -0.5357
 -0.2066
  1.3892
 -1.3945
  0.3182
 -1.7700
 -0.9086
 -0.7966
 -0.8189
 -1.6031
  1.1678
 -0.4998
  0.2562
  0.0526
  0.1449
  0.9655
  0.9373
 -0.4663
 -0.3723
  0.0769
 -0.3932
  0.5898
 -1.4639
 -0.2296
 -0.5177
  0.0571
 -1.4840
  0.9423
  0.5280
 -0.3098
  0.1962
 -0.4692
  0.4295
  0.9135
  1.2025
 -0.4333
  1.6260
  2.0527
  0.5785
 -0.1604
 -0.7437
 -0.4804
  0.2762
 -0.9734
 -1.4741
  0.1736
 -1.7402
  0.7183
 -1.7832
  0.0262
 -2.0002
 -2.0768
  1.5007
 -0.4220
 -0.2442
 -0.7915
 -2.5953
  0.2072
  1.1703
 -1.7313
 -0.4142
  0.9422
  1.5476
  0.1558
 -0.0060
 -1.3315
  0.0451
  1.2432
 -1.4436
  0.0508
 -1.9022
 -0.6755
  0.0355
  0.8796
 -0.3939
 -0.3403
  0.1209
 -0.1323
  0.2493
 -0.9264
 -1.3247
 -1.2675
 -0.0815
  1.4216
  0.9434
  0.5453
  1.1821
 -0.0979
  0.6532
 -0.5683
 -0.6289
  0.3422
  0.8008
  0.6821
 -0.6542
 -0.6939
  0.5934
 -0.6167
  0.8638
 -0.4605
 -1.3168
  0.5272
  1.2691
  1.4190
  0.5648
  0.9377
 -0.4880
 -0.1179
 -1.7760
  0.0959
  0.8513
  0.9059
 -1.0456
  0.2437
  0.1228
 -0.7427
  0.7749
 -0.8587
  1.1366
  0.4137
  0.7601
  1.9809
  0.9795
 -0.0178
 -0.0964
 -0.6217
 -0.7751
 -0.3913
  1.6731
 -0.4780
 -0.9306
  1.3342
  1.8971
  0.5027
  0.7928
 -0.3806
 -1.0753
 -0.1169
  0.5815
  0.6315
 -2.1595
 -0.1974
 -0.5628
 -0.1790
  0.6628
 -1.6029
 -3.1914
 -1.6721
  1.3975
  0.4498
  0.3582
  0.7514
 -0.5104
  0.4430
  3.2172
  1.8602
 -0.4460
  0.4100
 -0.9194
  1.5767
 -1.2719
 -0.6238
  0.7000
  0.8365
  0.7366
  0.6260
 -0.0253
 -0.8586
  0.4710
  0.8133
 -0.1886
 -0.0190
  0.6642
 -1.3736
  2.7246
 -2.1894
 -1.3409
  0.3127
  0.8551
  1.1931
  0.6592
  1.8921
  0.5783
 -0.7957
 -0.2930
 -0.8356
 -0.5239
  0.2985
 -1.4506
 -0.9249
 -0.7830
 -0.1463
  1.5884
  0.1890
  1.7134
  0.4180
  0.7434
  1.1712
 -2.3518
  3.0956
  0.4841
 -0.1055
  0.8888
 -0.0919
 -0.8667
 -0.2744
  0.7743
  1.3161
  0.4008
  0.4697
 -0.3026
  1.0477
 -0.3877
  0.9305
  0.6347
  0.5906
  0.2668
  0.9655
  0.1717
 -0.0581
  1.1795
  0.4594
  0.3687
 -0.2789
  1.6153
  0.4790
  1.0154
 -1.8797
 -0.6679
  0.7661
  1.6706
 -1.3723
 -1.2552
 -0.4194
 -1.3736
 -0.4243
  0.7087
  0.8814
 -1.2958
  0.0704
 -0.2019
  1.7350
  0.2993
 -0.3985
 -1.3048
  0.5024
  0.0154
  2.4090
  0.0725
 -1.4462
 -1.3831
 -1.7408
  0.6352
  0.9104
 -1.0405
  0.6209
 -0.6115
 -0.8736
 -2.2913
  0.1107
  1.6326
  0.9894
  1.0276
  0.2676
 -1.4465
  0.1608
 -0.8214
 -0.5043
  0.3221
 -0.2384
  0.8802
 -1.3917
 -1.2545
  1.1394
 -0.1466
  0.0529
 -0.0460
 -0.1945
 -1.2191
  0.0309
  0.2827
 -0.6025
 -0.8578
 -1.0156
 -2.1397
 -0.0873
 -1.1374
 -1.1929
  0.6645
  0.0943
  2.4828
  2.5264
  0.1651
 -0.9580
  0.5029
  1.4110
 -0.0303
 -0.0325
  0.8131
  0.5365
 -1.4123
 -0.2567
 -0.7882
 -2.1113
  0.2598
  0.7370
 -0.2596
  0.4508
 -0.2571
  0.1954
 -0.1842
  0.8623
 -0.6350
  0.8991
  0.2046
 -1.1289
  1.3068
  1.0214
 -1.8079
 -0.1856
 -0.0007
  1.5431
  2.0295
  0.7681
  1.3715
 -0.4853
  0.7669
  1.7822
  0.5667
 -0.6519
  1.3126
  1.2851
  1.5061
  0.6203
  0.0122
 -0.8310
  1.0758
 -0.8406
  0.5887
 -0.5117
  0.3051
  1.3367
 -2.0224
 -1.0166
  0.4429
 -1.2366
  1.2891
 -0.3736
  0.3286
 -0.3924
 -0.2307
 -3.4954
  1.8969
  1.6116
 -0.0805
  1.5214
  0.2106
  0.9603
  0.7500
 -1.8075
  2.2645
  1.1410
 -0.9844
  1.1997
  0.1942
  0.6240
  0.0655
 -0.4178
 -0.7856
 -0.7432
  1.2994
  1.2087
 -2.0337
  2.1294
 -0.3066
  1.0690
 -0.4778
  0.1133
 -0.7847
  1.5032
  0.0457
 -1.0993
 -0.8285
  1.3057
 -0.8115
  0.6563
  0.6390
 -0.2519
  0.9369
 -1.5813
  0.7127
 -1.5135
  0.0770
  0.0697
  0.7440
 -0.9614
 -0.6654
 -0.2519
 -1.1487
 -0.4147
 -0.7072
 -0.4909
 -1.9716
 -0.6686
 -1.0066
 -0.1709
  1.8330
  1.1176
  0.9525
  0.1480
  0.4317
  1.3976
  0.9134
  1.7418
 -0.4786
  0.1580
 -1.1236
  0.3778
  1.1222
 -0.5824
  0.7546
  0.5948
  0.3897
 -0.7784
  0.2503
  0.8221
 -0.4541
  0.1220
  0.3726
  0.8277
  1.0773
 -0.6483
  1.1963
  1.5566
  0.4013
 -0.6757
 -0.3089
 -1.0934
 -0.1559
 -2.3071
 -0.2167
  0.2721
  2.1966
 -0.1825
  0.7006
 -1.4245
 -0.4629
 -1.6665
 -0.8232
  0.8580
  0.3150
 -0.8974
  1.5715
  0.7296
  0.3598
 -0.4750
 -0.0732
 -0.5049
  0.0542
  0.3651
  0.2959
  0.9266
  0.9317
  0.6762
  0.3328
  1.4035
  0.0573
 -0.2307
 -0.6674
  0.0978
 -0.7560
 -0.3844
 -0.5817
 -0.0271
  1.0096
 -0.4935
 -1.0210
 -0.2387
 -2.4088
 -0.1070
 -1.1429
  2.5690
  0.9134
  0.4241
 -0.0131
  0.6308
 -2.6074
 -1.3991
  0.1567
 -0.7496
  0.3442
  0.6765
 -0.6576
  0.9050
 -0.7197
  0.4116
  0.3385
  0.4414
 -0.4324
  1.3839
  0.5416
 -0.2698
 -0.6981
 -0.1927
 -0.6228
 -0.5968
 -0.5201
  0.6202
 -0.4942
 -2.3418
 -1.1718
  0.1180
 -0.9013
  0.2943
  0.0218
  0.9518
  1.6338
  0.2625
  0.3110
  1.1050
  1.6630
  0.3147
  0.9612
  1.3479
 -0.0060
 -1.1682
  0.0034
 -0.5163
  0.0232
  1.3485
 -0.6774
  0.2112
  0.4610
 -1.0996
  1.6432
  1.5573
 -0.0014
 -0.6714
  1.0019
 -0.7290
  0.2826
  0.4273
 -1.3104
  0.4221
  1.9018
  1.3553
 -0.6556
 -0.7621
 -1.0132
  0.0333
 -0.7471
 -1.6571
  2.0543
 -0.2215
  0.2889
  1.2570
  0.2652
 -1.0425
 -0.3803
  1.0789
 -1.1829
 -0.6278
  0.7911
 -0.5630
  0.8362
  0.2625
 -2.1212
 -1.5483
 -1.3892
  0.6416
 -0.3323
 -0.8932
  0.3938
  0.4418
  1.0097
 -0.0686
  0.2553
 -0.5758
  1.5244
 -0.8595
 -0.9073
  1.1929
  1.8368
  0.0078
  2.0136
  1.0547
 -0.1983
  0.3011
  0.8194
 -0.5284
  1.7773
  1.5366
 -0.0962
  0.2572
  0.1685
 -1.4258
 -0.4069
  1.1018
  0.9699
  0.6691
  0.8679
  1.3864
  1.2118
  1.0697
  0.8297
 -0.1557
  1.8952
  0.5055
 -0.0966
  0.3619
 -0.4698
 -0.5086
 -1.9319
  1.4346
 -0.6272
 -0.5882
 -0.5089
 -0.9467
  0.0245
 -1.5943
  0.6829
  0.3932
 -0.1880
  0.7032
  0.4633
 -0.0096
  1.2292
  0.3835
  1.1882
 -0.4341
 -0.8811
 -1.2625
 -0.8441
 -0.9596
 -0.1478
  1.2361
  2.6947
  1.1666
 -1.3700
 -0.7106
 -0.7123
  0.8668
 -1.5836
  0.1406
  0.7281
  0.4353
 -0.7116
  1.7656
 -0.4788
 -0.9032
  0.2173
 -2.0411
  0.7633
 -0.6309
 -0.7324
  1.5653
 -0.6255
  0.9287
 -0.7861
 -0.1928
  0.3270
  0.0105
 -0.1153
 -0.6318
  0.4760
  0.8229
  2.3524
 -0.7184
 -0.1691
 -0.1182
 -1.1181
 -0.0367
 -0.8620
 -1.1864
  1.3827
  0.4522
 -0.7497
 -0.6291
 -2.4467
  0.2595
 -0.1864
  1.2338
  0.1092
 -1.0454
 -0.0485
  0.4543
 -0.0373
  0.6948
 -0.9123
 -0.6217
 -0.8190
  0.1275
 -0.2999
 -0.0825
 -0.0658
  3.1244
 -0.4665
 -0.4785
  0.0338
 -0.9687
 -1.9904
 -0.9861
 -1.0942
  0.2035
 -1.4838
 -0.9518
 -1.3505
  0.2135
  2.2526
  0.9908
 -0.7815
 -0.9326
  0.0678
 -0.1352
 -0.4994
 -0.1489
 -0.2899
  0.2212
 -0.5216
 -0.8604
  0.1397
  0.4798
 -0.4256
  0.6204
  0.0198
  0.4860
  1.0558
  1.6693
 -0.1225
  0.2012
 -1.1234
  0.7664
 -1.3846
 -0.5707
  1.1802
 -1.3955
 -0.3518
  0.8557
  0.2360
 -0.7334
 -2.0938
  0.4385
 -0.1766
  0.8204
  0.5829
  0.1043
 -1.3122
 -0.0327
 -1.0079
 -0.6700
  1.9493
  1.1709
  0.1455
  1.3338
  0.7430
  0.4639
  1.0120
  0.2582
 -1.8039
  1.7323
  0.2857
  1.3299
  0.7343
 -0.1373
  1.1652
  1.1869
  0.5028
 -1.1126
 -0.3091
 -1.1856
 -0.4106
 -1.4672
  0.3436
 -2.1596
 -1.6135
 -1.3259
  0.4205
 -0.7210
 -0.2277
  1.2038
  0.0806
 -0.2366
 -0.5472
  0.5284
 -1.4328
  0.5364
  1.4936
 -1.3408
  0.4492
 -0.3969
 -1.5526
  0.5323
  1.2042
  1.1633
  0.4617
  0.5667
  0.0503
  0.5787
 -0.2293
 -0.3683
 -0.7414
  0.4098
  0.0348
  0.4242
  0.1337
 -2.7150
  0.2427
 -0.2036
 -0.7280
 -1.0332
  0.8704
  0.1586
 -0.4881
  1.7708
  1.7604
 -0.7060
  0.1221
  0.3232
 -0.8827
 -0.3254
 -1.3314
  0.7977
  0.6380
 -1.2675
  1.4511
  0.9921
  1.1667
  0.4731
  0.1487
  0.1391
 -0.8857
 -0.4158
 -0.2438
 -0.7203
 -1.2972
  1.7551
  1.2002
  1.4344
 -0.3296
  1.0252
 -0.8395
 -1.4218
 -0.1946
 -2.0915
  0.9597
  0.9797
 -0.9779
 -1.1286
 -0.0454
 -0.4198
 -0.1981
 -1.4891
 -1.0317
 -0.5755
  0.2425
 -2.1117
 -0.1311
 -1.4630
 -0.9637
  0.1340
  1.9201
  0.7839
  1.9405
 -0.5839
  2.4572
  1.7918
  2.1289
  0.3975
 -0.6265
  0.2632
 -0.3236
 -0.3511
  1.1272
 -0.4902
  1.5537
  0.6675
 -1.0847
 -1.3869
  0.7346
 -2.8202
 -0.2932
 -0.2143
 -0.0869
  0.5365
 -0.8940
 -0.0755
  0.1931
  0.3608
  1.1467
 -1.1813
  1.0696
  0.0806
 -0.2754
 -1.1258
  0.8704
 -0.7473
  0.6132
  0.8660
 -1.9241
  1.5826
  1.1972
 -2.1043
  0.8472
 -0.0576
  0.0964
 -0.8412
  0.1476
  0.9415
 -0.5446
 -1.4708
 -0.1423
  0.2721
  1.7751
  1.2315
 -0.2591
  0.5706
 -0.8431
  0.5612
 -0.3204
 -0.5641
 -1.1484
 -1.0238
  1.5320
  1.3538
 -2.0665
  0.6100
 -0.9717
 -0.6750
 -1.0712
 -0.5429
  0.6796
 -0.1042
 -1.2361
  0.6605
 -0.1685
  0.9278
 -0.0612
 -1.3236
  1.0033
 -0.2883
  0.5304
  0.4349
 -2.4361
 -0.0510
  1.3815
 -1.0888
  1.2953
 -0.6964
 -1.3766
 -0.5029
  0.3155
  1.6301
 -0.9215
 -0.1818
  2.0640
  0.7140
  0.3792
 -0.6363
 -0.9813
  0.0027
  0.3931
  0.6508
  0.9410
 -0.4663
  0.4288
  0.6385
  1.8207
  1.2211
 -0.6664
 -0.6436
  1.0182
 -0.5078
 -1.6342
 -0.9665
  0.2351
  1.2030
 -1.6858
 -0.0045
  0.4617
  1.2137
 -1.1458
  2.2075
  0.8493
  1.4751
 -1.1630
 -1.0144
  1.3565
 -0.7446
 -0.5384
 -0.8524
  1.0103
  0.3841
 -0.6645
  1.6818
 -0.1269
 -0.9529
 -0.1167
  1.0847
 -1.5844
 -0.6809
 -1.0288
 -1.4385
  1.0756
  0.0682
  0.0721
 -1.1408
  0.0371
 -1.5972
  0.5424
 -0.5690
 -1.2615
  1.1007
  0.8752
  1.6065
 -0.6076
  0.5077
 -0.9745
 -0.8174
  0.1976
 -0.3092
 -0.6633
 -0.9194
 -0.2476
 -0.2289
  0.6952
 -1.4196
 -1.0559
 -1.1267
 -0.7526
 -1.4750
 -0.7004
  1.8698
  1.2029
 -0.0644
  0.6638
 -0.6829
  0.1683
 -0.3832
  1.3482
 -1.4740
 -1.6653
  0.2965
  0.6107
  0.0415
 -1.0995
 -0.5545
 -0.0961
 -0.4141
  0.3457
 -0.1301
  0.7688
  0.4266
  0.2204
  0.2699
  0.2526
 -0.8526
  0.4183
 -1.2516
 -0.6779
 -0.3353
  1.8625
  0.6939
  0.2634
  1.4371
 -0.5991
 -0.7203
  0.2581
 -0.4085
  1.0229
  0.2758
 -0.0876
 -0.3708
 -0.0635
  0.2522
 -1.8021
  0.4070
 -1.4490
  1.2678
 -1.0803
  0.0480
 -1.2930
  1.3157
 -1.0339
 -0.5826
 -1.1392
  1.5098
  2.4404
 -0.1282
  0.0768
 -0.6010
 -0.2420
 -1.7022
  0.5895
 -0.8656
 -0.4682
  0.2458
  0.2824
 -0.2660
 -0.9555
 -0.1162
  0.7580
 -0.4845
 -0.3967
 -0.5078
 -0.0013
  1.0188
  0.2466
 -0.3360
 -1.1391
 -0.1877
  1.1935
 -0.3795
 -1.3195
  0.0903
 -1.2609
  0.7869
 -0.8146
  0.5716
  1.3243
 -0.4990
 -0.6719
  0.6387
 -1.3199
 -0.7740
 -3.3849
 -0.4927
  0.3867
  1.5823
  2.7594
  0.1630
  0.5540
 -1.4105
 -1.0091
 -1.7922
 -0.9667
 -0.0765
 -0.3161
 -0.0873
 -2.3254
  0.2231
 -0.8247
 -0.3580
 -0.8946
  0.7329
  1.2140
  1.6125
  0.4541
 -0.6403
  0.0957
 -1.4725
 -0.4885
 -0.4474
 -0.7581
  1.9402
  0.7694
 -0.6614
  0.1246
  1.0770
 -0.3558
  0.3531
 -0.2711
 -0.5123
  0.1104
 -0.1599
  2.2917
  0.0774
 -0.5789
  2.3642
  1.0934
 -0.1028
  0.6945
 -0.9480
 -0.6639
  0.4028
 -0.0910
  0.4324
 -0.8185
 -0.6379
  1.1219
  0.7135
 -1.8723
  0.0095
 -2.5466
 -0.2828
  0.0451
  0.1037
  0.3760
  0.3909
 -1.1532
 -0.5224
  1.2274
 -0.6920
  0.1811
 -0.0132
  0.0582
 -0.6303
 -1.4576
 -0.1036
 -0.8287
 -0.4193
 -1.0113
 -0.6537
  1.6939
 -0.7576
  0.2926
 -0.3809
  1.1161
  0.0079
  1.4366
  0.3311
 -1.2472
 -0.1161
  1.2211
  0.1020
  0.2418
  0.7730
 -0.4436
  1.0691
 -2.2497
 -0.1760
 -1.1692
  0.2780
  0.4285
 -0.0795
 -0.3482
  0.1266
 -0.2272
  1.9645
  0.5258
  0.4817
  0.2339
 -1.9179
  0.6751
  0.4237
  0.3506
  0.2011
 -0.3694
  0.5942
 -0.6210
  0.1468
  0.1125
  0.5254
  0.9987
  0.1706
 -0.0761
 -0.5609
 -1.1664
 -0.4056
 -2.0111
 -0.1109
 -0.2579
  0.6511
 -1.5948
  2.4583
 -0.2027
 -0.4461
 -1.1406
  2.1575
  0.9167
 -0.0302
 -2.7566
 -1.2654
 -1.8707
  1.6410
 -0.5953
  0.3853
  1.6724
 -1.4002
 -2.2638
 -0.0850
  0.9245
 -0.5903
 -0.3343
 -1.4580
 -0.3749
  0.8200
  1.1152
 -1.1388
  1.8551
 -1.0925
  0.8633
 -0.8098
 -1.6644
  1.5913
 -0.1520
 -1.0483
 -0.6564
  0.2590
  0.4865
  0.0761
 -0.4562
 -0.5598
  0.5642
  0.6746
 -1.2120
  1.6787
  2.1084
  0.0155
 -0.1571
 -1.6983
 -0.7078
 -1.0664
  0.0797
  0.6894
  0.0820
 -0.1449
 -0.4067
 -0.3853
 -0.6542
 -0.3057
 -0.2512
 -0.5233
 -0.8232
  0.4556
  0.3022
 -0.3651
 -0.6064
  0.7435
  0.2363
 -0.1375
 -0.2162
 -0.3897
 -0.3411
  0.1203
  1.2892
 -0.1832
  1.2101
 -1.2460
  0.9684
 -0.1810
 -0.3946
  1.5959
  1.5964
  1.9200
 -1.7949
 -1.6547
 -0.1347
 -1.3332
 -0.7286
  0.5060
 -0.4495
 -1.7411
  1.2830
 -1.1245
 -0.0483
 -0.0574
  1.8041
  0.1929
 -0.0722
  0.6219
  0.0874
  0.2411
  0.3810
 -1.9572
  0.3283
  0.4244
  0.3811
 -0.5269
  0.9098
  1.5767
  0.5539
 -0.5921
  0.9597
  0.0810
 -0.8997
 -0.5722
  0.1817
 -1.5793
 -1.0391
 -0.5167
 -0.3224
 -2.9362
  0.0371
  0.9047
  1.9290
  0.4195
  0.2026
 -1.4843
  0.1743
 -1.2362
 -1.2609
  1.9247
  0.6016
 -1.0359
  0.4797
 -0.2296
  0.4597
 -1.2949
 -1.3579
  0.5008
 -0.1905
  1.0303
  0.1274
 -0.1760
  0.7410
 -1.2153
 -0.4473
  2.8990
  0.8007
  0.1106
 -0.7038
 -1.2102
  1.6830
 -0.1921
 -1.7753
  0.2138
  2.0783
  0.7770
 -0.4551
 -1.0324
 -0.0637
 -1.6611
  0.0392
 -1.6310
  0.6602
  0.6661
  1.8777
  0.4565
  0.3264
 -1.1421
 -0.9650
  0.1985
 -0.4957
  0.8184
  0.0943
  0.0332
  1.0986
 -0.1282
 -0.5598
 -1.0841
 -1.6618
  1.0337
  0.5330
  0.6297
  0.9080
 -1.0054
  1.2969
  1.6473
  0.0845
  0.7010
  0.3269
 -0.7574
  0.1009
  0.3656
 -0.7281
 -1.1638
 -1.1832
  1.1223
  1.5599
  0.4051
 -0.3267
  2.1242
  0.7396
  1.0398
  0.8342
  0.2011
  0.3371
 -0.9035
  0.6400
 -0.7108
 -1.3056
 -1.0720
  1.0175
 -1.1853
  0.5484
 -2.3816
  0.1614
 -0.3495
 -1.2011
  0.4074
  1.2390
 -0.4536
  0.0070
  0.1474
 -0.0408
  2.6425
 -1.6052
  0.2771
 -0.5713
  1.8423
 -0.4834
 -0.2074
  0.7186
 -0.4709
  0.1205
  0.0906
  2.7166
 -2.4115
 -0.4873
  1.8600
 -0.1971
 -0.3541
 -0.5063
 -0.6651
 -1.3591
  0.2771
 -0.0191
  0.3556
  0.0807
 -0.0212
 -0.4266
 -0.6493
 -0.4800
 -0.1703
 -0.9576
 -1.0116
  0.4387
 -0.3775
  0.6419
  2.5248
 -0.7273
 -2.0669
 -0.4000
  0.0332
  2.6705
 -0.3261
 -0.1288
 -1.0921
  1.8131
 -1.0784
  1.1372
  0.3794
  0.6574
  1.4824
 -1.2731
 -1.6049
  2.1253
  0.5999
 -1.4967
 -1.4090
  0.5830
  1.5265
 -0.7729
  1.8856
  0.9948
  0.8161
  1.9444
  1.8791
  1.8162
 -1.0124
 -1.1405
 -0.6795
  1.0716
 -0.6053
 -1.1151
  0.2032
  0.9068
 -0.4414
 -0.1219
 -0.0832
  0.4457
 -0.8087
 -0.8252
 -2.1786
 -0.5645
 -1.8317
  1.8093
 -0.1050
 -0.2516
  0.6194
  0.2118
 -1.0304
  0.3294
 -2.0126
 -0.7440
  0.4988
 -0.4341
  2.7146
 -0.3355
  1.3168
  0.3073
 -1.5464
  0.6693
 -0.6739
 -0.0275
 -1.4311
  1.3351
  0.1189
 -0.9834
 -0.1041
 -0.2086
 -1.5771
 -1.6660
 -0.0345
  0.5843
  0.4055
  0.3095
 -0.3695
 -0.6488
 -1.4098
 -1.0029
 -0.7044
  0.4651
 -0.3849
  0.8254
  1.3385
 -2.2852
  0.1088
  0.1401
 -0.7174
  0.6010
  0.7596
 -0.8493
  0.7280
  0.4165
 -0.3370
  0.2896
 -0.3884
  1.2239
 -0.5892
 -1.0013
 -0.4432
  0.4838
  0.9898
  0.0164
  0.4818
  0.5216
  0.9377
  1.2229
 -0.4039
 -0.4508
 -0.3164
 -1.1201
  0.3519
 -1.5156
  0.7217
  0.7858
  0.8084
 -0.3577
  0.5811
 -1.1700
 -0.1244
  0.8879
  0.1551
 -0.8385
  2.5610
  0.1230
 -0.1521
  0.8128
 -0.2456
  0.0515
 -0.2154
 -0.9766
  1.4183
  0.1281
 -0.9562
  0.9419
 -1.2941
  1.0122
 -0.1745
  0.6929
 -0.1046
  0.9562
  0.3762
 -0.4227
 -2.7432
  0.0193
 -0.4392
  0.0355
  0.9054
  0.1028
  0.3542
 -0.9714
  0.1675
  1.1403
  1.3668
  0.9442
  1.2717
  0.4857
  0.2410
  0.6637
 -0.8516
  0.9700
  0.1735
  1.6874
  2.0168
 -1.9199
  0.9542
 -0.8691
  2.5799
  0.6292
 -1.3965
  0.6429
  0.2678
 -1.1791
 -0.2355
  2.8572
  2.2974
 -0.7790
 -0.5071
  1.1950
 -0.1120
 -0.3859
  0.7475
  0.4436
  0.8035
 -0.1453
 -0.1899
  0.6227
 -0.2645
 -0.5355
 -2.1716
  0.5309
 -1.7540
 -1.8726
 -0.0148
 -0.5800
 -0.0485
  0.5793
  0.0502
 -1.1430
 -0.8693
 -0.8910
 -1.0045
  0.6700
  0.6101
  0.0621
 -0.6763
  0.3861
 -0.8336
 -1.4865
  0.7926
  0.7798
 -0.6814
  0.4969
  0.5481
  0.6547
 -0.1916
  1.2381
  0.4943
  1.0009
 -0.8370
  1.4842
 -1.8739
 -0.9325
  0.6554
  0.6589
 -1.0362
  0.2803
  1.0356
 -0.2946
 -0.5738
  0.9088
 -0.4918
 -0.9473
 -0.0546
 -0.6374
 -1.6201
  0.8209
  0.4284
 -0.6023
  1.1016
  0.4043
  0.2751
  1.5231
 -0.2393
 -0.8393
  0.0694
 -0.1882
  0.5869
  0.2473
 -0.3287
 -0.3203
  0.4490
 -0.7002
 -0.3438
  0.2576
 -0.1255
 -1.6771
 -0.3499
  0.4237
 -0.5106
  0.5366
  0.1084
 -1.4641
 -0.1510
  1.6565
  0.3113
 -0.1852
 -0.6846
  0.7940
 -0.0133
 -0.8697
  1.0614
 -0.2593
 -0.6193
 -1.3833
 -0.8570
  0.0987
  0.8049
  0.0540
  0.5808
  1.2787
 -0.0600
  0.0827
 -0.5993
 -0.9220
 -0.1739
  0.4774
  0.7897
  1.4392
  0.1226
 -0.9032
 -1.1828
 -0.0428
 -0.4234
 -0.0193
  0.7589
 -1.7203
 -0.8353
  1.2851
  1.0775
 -0.5928
  0.2692
  0.0916
 -1.2037
 -1.9054
 -0.4873
  0.4380
 -1.3661
  0.8823
  0.7047
  0.3269
  1.6433
 -2.2876
 -2.0264
 -0.0657
 -0.7411
 -1.1158
 -0.3754
 -0.3701
  0.9272
 -0.7733
  0.4976
 -0.2873
 -1.0709
 -0.1808
 -1.9744
 -1.0769
 -0.8873
  0.5233
 -0.7670
  0.4313
 -0.7060
 -0.1311
  0.6137
  0.5509
  0.1354
  0.8521
 -0.7509
  0.3038
 -0.6354
  1.0076
  0.5366
  0.9058
  1.1939
  0.6210
 -0.6309
  0.6854
  1.4640
  0.6281
 -1.5655
  0.3387
 -0.3460
  0.3089
 -1.1115
  1.7835
  1.0188
  1.3371
 -0.8984
  0.2515
  1.6272
 -0.7325
  0.4883
 -2.3807
  0.4364
  2.8926
  0.4617
  1.0178
  1.1929
 -2.1009
  0.5661
  0.3910
  1.1272
 -1.7431
 -1.5958
  0.8280
  0.2638
  1.1005
 -0.1087
  0.6592
 -1.5133
 -0.1023
  0.5318
  0.4042
 -0.1859
  2.8291
  0.1168
  0.2680
 -0.5444
 -0.3181
 -0.4296
  0.3332
  0.3629
  0.5930
  1.5791
 -0.6268
 -1.1349
 -0.2183
 -0.0996
 -2.4269
  1.9884
  2.3304
  1.3329
  0.5384
 -1.0716
  0.3072
  0.2096
  0.9603
 -0.2253
 -0.4091
  0.4954
  1.6394
  0.1281
  0.0576
 -0.6008
  0.2151
  0.2156
  0.8381
 -1.6873
  2.2376
  0.5101
  0.1787
 -0.1031
 -0.4429
  0.8645
 -0.3638
  1.2100
 -1.5411
 -0.6009
 -0.2777
 -0.5350
  1.6701
  1.3829
 -0.5163
  1.1394
 -0.8505
  0.6002
 -0.6118
 -1.5970
 -1.0207
  0.4427
 -0.9055
  1.3780
  1.0651
 -0.0771
 -1.0477
  0.2531
  0.5563
 -0.7034
  0.0678
  1.1070
  0.5456
  1.9145
 -0.3888
 -1.1676
 -0.1567
  0.4656
  0.1286
  1.3134
  0.8599
 -0.2935
 -1.7416
 -2.6158
 -0.4777
  0.5506
  1.2247
  0.5141
 -0.8915
 -0.2971
  0.5945
  0.2836
 -1.7689
 -0.9244
 -0.5223
  0.0657
  0.3312
 -0.4551
 -0.5663
 -0.5790
 -0.7978
  0.1289
  1.1172
 -0.5634
  0.8173
 -0.7815
 -0.3469
  1.4173
 -0.7119
 -0.2510
 -0.9620
  0.3892
 -0.2270
 -0.1573
  0.7869
 -1.0843
  0.0666
 -1.3222
 -0.5489
  0.5675
 -0.7882
  0.5018
 -0.6653
  1.5367
  0.3307
  1.4129
 -0.5056
 -0.1989
 -0.9534
 -0.9317
  0.7511
 -0.0306
 -0.2681
  2.0937
 -0.2942
  2.0101
 -0.5152
 -0.0135
  0.5153
  0.9478
 -0.0522
 -0.0907
  1.2974
  1.3433
 -1.0864
  0.4387
  0.0387
 -0.8727
 -0.1619
 -0.3895
  0.3705
  0.7057
  0.3508
  0.1238
  2.1027
  1.4513
 -0.1442
 -0.1135
  0.0722
  0.9667
 -0.5748
 -0.0334
  0.5644
 -1.2495
  0.3888
  1.0494
  1.8595
  0.3841
 -0.9583
 -0.9735
  0.8604
 -0.7156
  2.0264
 -0.3655
  0.3291
  0.0579
  0.7885
  0.8933
  0.3723
  0.8116
 -0.2694
 -0.9603
 -0.2178
 -1.1740
  0.1417
 -0.4618
  0.1504
 -1.2163
 -1.1015
 -0.2144
 -0.0556
  1.1198
 -2.8357
 -0.0811
 -0.8065
  0.2052
 -0.8714
 -0.0026
 -0.7486
  0.7157
  0.9280
 -0.1310
 -0.1543
 -0.6976
  1.1183
  1.7118
 -0.0589
 -0.9369
  1.7010
  0.3406
 -0.6000
  1.6509
 -1.9068
  1.1700
 -0.7628
 -0.8954
 -0.7067
 -0.2922
 -1.7396
  1.8120
 -0.3041
  1.5508
  1.3235
  0.0138
 -0.0879
 -0.3956
 -3.2604
  1.1443
 -0.2716
 -0.0797
 -0.5178
 -1.2394
  1.2792
 -1.1638
  0.0548
  0.7395
 -0.9181
  1.8998
  0.1382
 -1.9491
  0.3852
 -1.1331
  0.1027
  0.6017
 -1.2739
  0.8040
 -0.1558
  0.2074
  1.7961
  1.2371
 -1.9110
  0.1121
 -0.1886
 -0.0223
  0.3506
  1.1188
  1.2502
  1.1424
  1.1411
 -0.5485
 -1.1080
 -1.2528
  0.0477
  0.3145
 -0.9360
 -1.1895
 -1.2230
  0.1372
  0.1476
 -0.1971
 -1.1779
  2.2829
  0.6871
  0.6154
  1.4693
  0.0716
 -0.2724
  1.6418
 -0.3739
 -0.6880
 -0.5022
 -0.6796
  2.0113
  0.1010
 -0.2680
  0.5877
  0.3339
 -0.6988
 -1.3879
  0.3664
  0.3497
 -1.1885
 -1.0281
  0.8092
  1.5402
  1.4242
  0.3036
  0.4393
  0.4642
  0.6121
 -0.1849
  0.5692
 -0.3814
  1.3377
  1.0866
 -0.5727
 -1.9968
  2.1747
 -1.3659
 -0.8346
  1.2473
 -0.7523
  1.0456
  1.1027
 -0.7748
  0.0646
  0.3388
  0.0434
 -1.1431
 -0.3338
 -0.2754
 -2.3946
 -1.1227
  1.6270
 -0.4754
 -0.6114
  1.6156
 -0.4536
 -0.6469
 -1.1840
 -1.7291
  0.8735
  1.2000
 -0.1900
  0.4658
 -0.5166
 -0.1132
 -0.1489
 -0.2189
 -0.2804
 -1.0062
  1.1816
 -1.0231
 -0.7411
 -0.0309
  0.5578
 -2.0791
  0.0364
 -1.0898
 -0.2458
  0.9792
 -1.9028
  1.4216
  0.4711
  1.0720
 -0.2590
 -0.1298
 -0.0138
  0.7722
 -0.4446
  0.7993
  1.0067
 -1.5153
 -0.5506
 -0.2760
  1.7083
  0.4502
  0.4017
  1.8768
  1.0949
  1.1695
  1.3992
  0.5827
  1.6168
 -0.0520
  2.1341
  0.1560
  0.7469
  0.1942
  0.2895
 -1.6763
 -1.1181
  0.8908
  1.2326
  0.6660
 -0.1625
  1.6579
  0.2234
 -0.0970
  0.7754
 -1.6517
 -0.0334
 -0.6163
  0.8010
  1.3643
 -0.2496
  0.3022
  0.4789
 -0.8805
  0.7187
 -0.2027
 -0.1572
 -0.1834
 -1.1449
 -0.9178
 -0.0957
  1.5429
  1.2057
  0.2951
  1.8105
 -0.3075
 -0.1411
 -1.5139
  0.2449
  1.7605
 -0.8422
 -0.7224
  0.9205
 -1.3212
 -1.2323
 -0.3155
  0.1932
 -0.0958
 -0.4113
 -0.1542
  1.3365
  0.1296
 -0.4775
  0.5572
 -0.4228
 -0.1424
  0.4291
 -0.9661
  1.2497
 -0.5103
 -1.3071
  1.9217
  0.2765
  0.1548
  0.3233
 -1.3385
 -0.5456
 -1.0547
 -0.0598
  0.2707
 -0.2589
 -0.1200
 -0.5910
  1.5410
  0.8490
  1.4127
  0.6935
  0.3806
 -0.7184
  1.3489
  0.7686
 -0.5737
 -1.2191
 -1.1534
  1.3462
 -0.3309
  1.2620
 -2.5455
 -0.3722
 -1.6577
 -0.4735
  0.1157
 -0.2006
 -0.0285
  0.1103
 -0.3807
  0.2415
  0.0138
 -0.5016
  0.3827
 -1.0292
  1.0937
 -2.3360
  0.7862
 -1.1535
  0.1511
 -0.0944
  0.6547
  0.0341
  0.6847
  0.0857
  0.5912
  0.0756
  1.1903
  0.6056
  1.9654
 -0.5225
  0.0436
 -0.6209
 -0.4750
 -1.1248
  0.8542
  0.2750
  0.9683
 -0.6264
  1.0012
 -1.4996
  1.3102
 -0.0361
 -0.2741
  1.3153
  0.8960
 -0.9622
  0.3570
  1.0337
 -0.1471
 -0.8697
  0.2806
  0.0060
 -1.9951
 -0.9131
  0.3144
 -0.6241
  0.1439
 -0.5927
  0.8352
 -2.6429
  0.6305
  0.7034
  0.8196
 -1.8980
  0.7077
 -0.2309
 -1.2161
 -0.3608
 -1.1062
  0.8532
  0.1909
  0.8822
 -1.0970
 -0.0532
  1.7627
  0.6806
 -0.2311
 -1.1067
 -0.7168
  0.4031
  1.4848
  1.1483
 -2.1675
 -0.5622
 -0.0743
  0.3628
  0.1117
  1.5017
  1.3707
 -0.9047
  0.0922
 -0.2217
 -0.8649
 -1.0693
 -0.0340
 -1.1492
  0.5751
 -0.9085
 -1.6943
 -1.3848
 -1.0876
 -0.3345
  0.2206
 -1.4372
 -0.3920
  0.4989
  1.5963
  0.9364
  0.4056
  0.4884
  0.1762
 -0.2863
  0.3531
  1.3977
  0.0137
  0.9084
  0.1734
  0.6081
 -0.2415
  1.5457
 -1.4319
  0.5885
 -0.6589
  0.1360
  0.3595
 -1.8256
 -1.3249
  0.4675
  0.1696
  1.0313
  0.7856
 -1.0194
 -1.4395
  0.1439
  0.8123
 -0.1854
 -1.3582
  0.1817
  1.0976
 -0.5120
  0.2133
 -0.6350
 -0.0284
  0.3985
 -1.7179
 -0.8304
  1.4643
  0.1303
  1.1950
 -0.3915
 -1.7621
 -0.5391
  0.9114
 -0.1668
 -0.4325
 -0.2623
 -0.0565
  0.7834
  0.3884
  0.2192
 -1.9438
 -0.1067
 -2.5994
  1.4038
  0.2944
 -0.2815
 -1.1103
 -1.0745
 -0.5419
  0.2439
 -1.0023
  0.9298
 -0.2643
 -0.3584
  0.6590
 -2.6187
 -1.5384
  2.0111
 -0.8713
 -1.1956
  0.2760
 -0.8283
 -1.1007
 -0.9126
  2.7190
  1.6377
  1.1145
 -0.2402
 -0.8770
 -0.7276
  0.8445
 -0.0079
  1.7216
 -3.0547
  1.1687
  1.0600
 -0.7975
 -0.1516
 -0.4173
 -0.0516
 -0.0319
  0.2482
 -0.5218
 -0.8115
 -0.4178
  0.2161
  0.0157
  0.2923
 -0.8019
 -0.3041
 -0.3927
 -0.7244
  0.2645
 -1.2864
 -0.2780
 -0.8605
 -1.1835
  0.0300
 -0.0286
  1.4915
 -0.1313
  2.8518
 -0.2024
 -0.4203
 -0.5793
  0.5474
  1.3438
 -0.5082
  2.1145
 -0.5307
  0.8857
 -0.3672
 -0.9254
 -1.6795
  0.3182
 -0.4312
  0.2804
 -0.6293
 -2.1418
  0.3640
  0.5384
  0.6611
  0.3916
 -0.2489
 -0.1806
 -0.1310
 -1.0275
  0.4556
 -1.2761
 -0.7486
 -0.1609
  0.1224
  0.7540
  0.9310
  0.9306
  0.3102
 -0.8174
  0.7250
  0.3384
  0.2629
  1.3257
 -0.4786
 -1.7902
  0.9121
 -0.9043
 -0.4781
 -1.7857
  1.4096
  0.0619
 -0.1510
 -1.0430
  0.6977
  0.5495
  1.2581
  0.9651
 -0.0829
  0.6110
  1.0868
  0.8133
 -0.7549
  1.1404
  0.0364
  0.2135
 -0.0237
  0.2024
  0.0508
  2.0807
  0.6529
  0.5258
 -0.9336
  0.4031
 -0.1308
 -0.2298
 -1.4483
 -1.5533
  0.3413
  1.8983
  0.4550
 -0.8428
  0.1930
  0.0102
 -1.5711
  0.3591
 -0.5384
 -0.5320
  0.1062
 -1.5233
  0.5362
 -0.1548
  0.1115
 -0.1805
 -0.0204
 -1.2801
 -0.5678
  0.5225
  0.2709
  0.1377
 -0.9269
  0.8603
  0.7495
 -1.0425
  0.1926
 -1.3829
  1.0181
  0.1986
  0.7306
 -0.0525
 -0.7485
 -0.0615
  0.3898
  0.4475
  0.1662
  1.7312
 -0.4855
 -0.0980
  0.6770
  1.0329
 -0.2944
  0.8865
  1.1022
  0.8716
 -1.0155
 -0.0158
  0.5046
  0.4244
 -0.4798
  0.6355
 -0.3860
  1.5408
 -0.6525
  0.3610
 -1.3473
  0.6525
  0.4775
 -1.1644
  0.9450
 -0.0725
  0.0116
  0.3223
 -0.4088
  0.0635
  1.6521
  0.6169
  0.8938
  0.8927
  0.2137
  0.9478
  1.0881
  0.6850
 -0.1411
 -1.5076
  0.3524
 -1.5018
 -0.1125
  0.6610
 -0.4422
  0.1577
  1.2130
  0.2364
  0.5100
  0.3024
  0.0379
 -1.0853
  0.5294
 -0.2418
  0.8360
  0.3953
 -0.9625
 -1.2749
  2.4929
  0.7931
 -1.4546
 -0.2231
  0.6066
 -0.1104
  1.1567
 -0.1079
 -0.3345
 -0.8749
 -0.5189
 -0.8543
  0.5582
 -0.4514
 -1.2561
 -2.0985
 -0.4098
 -1.4246
 -0.5089
  1.2692
 -0.5875
  0.2913
 -0.7824
 -1.0512
 -0.1320
 -1.6052
 -0.8299
 -0.5165
 -0.6243
 -1.3741
 -1.1097
  1.4711
  0.1973
  0.5315
 -1.4135
  0.0783
  0.6692
  0.8640
  0.1784
  1.4241
  0.5544
  0.3071
 -0.2031
 -0.4896
  0.0982
  0.8079
 -0.8077
 -0.3919
 -1.5724
  0.1236
  1.3806
  0.1642
 -0.1660
  1.6289
  1.0765
  1.1066
 -0.6511
 -0.5701
  0.3508
 -0.7550
 -1.9069
 -1.6439
 -1.3881
 -0.0099
  0.4029
 -0.0226
  1.6272
 -2.1382
  0.0238
  0.3902
 -0.4383
  1.2362
 -0.7107
  0.8988
 -1.5373
 -1.7558
  0.1323
 -0.8327
 -0.4018
 -1.3839
 -0.6633
 -0.8780
 -1.0905
  0.6829
 -0.8039
  1.1485
 -0.0601
 -0.5171
  0.5383
 -1.2076
 -1.3647
  0.4022
 -0.0329
 -1.1229
  0.0349
  1.1284
  0.8391
 -0.0410
 -0.5438
 -1.4562
  0.5680
  0.5817
 -0.1020
  0.1854
  1.9377
 -0.2348
  0.0479
 -0.1929
 -0.6502
 -0.5289
  0.0553
  0.8952
  1.1504
 -1.6415
 -0.8500
 -0.5522
  1.1819
 -0.9090
  0.1970
 -0.6635
  0.5113
 -0.3339
 -1.6727
 -1.3497
 -1.4210
 -1.6848
  0.9811
 -0.5106
 -0.6088
 -0.2365
 -1.1043
 -1.3031
 -0.7487
 -1.3326
  0.4053
  0.3843
  0.8903
  0.4587
  1.0474
  1.3183
  0.7055
 -0.8218
 -1.1300
  0.3375
  0.3414
 -0.1513
 -0.1890
  0.0069
 -1.2782
  0.1880
 -0.5872
 -0.3023
  0.7507
 -2.3258
  1.7827
  0.0296
 -1.3712
  0.2770
  0.8680
  1.6846
 -0.9992
 -1.0337
  0.0543
  0.8556
 -0.4849
 -0.1864
  1.2893
  0.5645
  0.4041
 -1.7252
  0.8726
  2.4555
  0.9540
 -0.8487
 -0.5988
 -1.4837
  0.3047
  0.3904
 -1.3966
  0.4660
 -0.5534
  1.2247
  1.1039
 -0.6870
  1.0430
 -0.5402
  1.5675
 -0.7913
  0.3861
  0.5643
  0.0422
  1.0940
 -0.5619
 -0.4719
  0.8018
  0.6226
  1.9640
  0.7390
 -1.6666
 -0.5799
 -0.7030
 -0.0632
  0.8529
 -0.8797
 -1.6378
 -1.4941
 -0.4328
  0.1244
  1.2236
 -0.3971
  0.1032
  0.8879
  0.1939
  0.0263
 -0.1766
  2.3108
  0.5878
 -0.3156
 -1.1701
  1.2094
 -1.1809
  0.5054
 -0.0411
 -0.2551
 -0.0490
  1.9973
 -1.4751
  1.0542
 -1.0419
  0.1641
 -0.1769
 -1.1066
 -1.9071
  1.2984
  0.1109
 -2.0634
 -1.5241
  0.2620
 -0.5373
  0.6001
  1.1886
  0.3291
 -0.5089
 -0.0466
 -0.8397
 -0.2113
 -1.5057
 -0.8867
  0.2744
  1.4047
 -1.1463
 -0.0387
 -0.5068
 -0.2706
  0.8330
  0.1857
  1.6260
  0.4459
  0.3736
 -0.6684
  0.8089
  0.5447
 -1.0986
 -0.4211
 -0.2109
 -1.1119
  0.2684
  1.9820
 -0.1215
 -0.5484
  0.2536
 -1.0744
  0.6145
  0.3798
 -0.2463
  0.3238
  1.2448
  0.2503
 -0.0767
 -0.0411
  1.1607
  1.0929
  0.4062
 -0.2795
  0.8434
 -0.6922
 -1.6241
  0.0299
 -1.1467
 -1.3235
 -0.4067
  0.7887
  0.1738
 -0.5757
  0.6291
  1.4339
 -0.4966
 -1.2132
 -1.5381
  0.4459
  0.5945
 -0.2638
 -0.3803
 -0.1234
 -1.7321
 -0.1158
  1.9281
 -1.2710
  1.0971
  1.4389
 -0.6134
  0.3080
 -0.3158
  1.0228
 -0.3562
  0.6694
 -1.6213
  0.2929
  0.1143
 -0.6189
  1.4315
 -1.2120
 -0.1989
  0.3842
 -0.5546
 -1.3120
 -0.1732
  1.1951
  0.2744
 -2.4021
  2.4633
  0.6520
 -1.5855
  0.3198
  0.2536
 -0.4844
 -0.1155
  0.7593
 -0.5343
  0.2743
 -0.0883
 -0.1548
  0.9944
 -0.3251
 -0.6060
  0.4593
  0.0781
  1.1514
 -0.3333
  1.1473
  0.3465
 -0.0621
  1.0172
  0.6975
 -1.1745
 -0.8388
 -0.1954
  2.3324
  0.7511
 -0.1497
 -0.8194
  0.2132
  1.9504
  0.8411
  0.3208
  0.0547
 -0.5736
 -1.9067
 -0.2633
 -1.1086
  2.1667
  2.1841
  0.3501
  0.0959
  0.8536
 -0.0418
 -1.3278
 -0.3335
  0.4068
  1.0858
 -1.4008
 -0.3898
  0.0579
 -0.4262
 -0.4205
  0.3509
 -0.3988
  0.8858
 -1.8457
  0.0469
 -0.0683
  0.4274
  0.1964
  1.9499
 -0.0008
  0.9470
 -0.6231
 -1.1301
  0.9540
 -0.4402
  0.6026
  1.5920
  0.2568
  1.4167
  2.3241
 -0.2643
  0.2925
  0.6927
 -0.7849
 -1.0897
 -0.0249
 -0.7084
  0.5942
  0.4739
 -1.5537
  1.4878
  0.1263
 -1.0041
  1.0968
  1.0760
 -0.3496
 -1.6336
  0.1775
  0.2053
  1.2773
  0.0266
  0.4906
  0.8287
  0.7552
 -0.8841
  0.7681
 -0.2691
 -0.0446
 -0.8354
 -0.2198
  1.2049
 -0.9469
 -0.0044
 -0.0179
 -0.8337
 -0.6517
  0.6727
 -0.4849
  0.3240
  1.0057
 -0.5865
 -0.7846
  0.4081
 -0.6917
  1.4830
  0.8484
 -0.4248
  1.6675
 -1.0502
  0.0093
  0.6263
 -0.0899
 -0.0956
  1.8905
  0.9299
 -0.0767
 -0.0645
  1.0099
 -0.7121
 -0.1977
 -2.1187
  0.0249
 -0.9523
 -2.0158
 -1.6674
  0.9160
 -0.7119
 -1.2137
 -0.1909
 -0.6159
 -1.2091
 -0.6370
  0.5656
  1.1180
 -0.8242
 -1.4876
  0.0642
  2.3137
 -1.2839
  1.3671
 -1.3236
 -0.7071
  2.2971
 -0.1202
  0.9908
  0.7881
 -0.4972
 -1.0371
 -0.3066
 -0.3228
 -2.0086
  1.6203
 -0.5386
  0.5424
  0.6050
 -1.8177
 -1.1398
  0.7007
  0.6593
  0.0944
 -0.9527
 -0.5846
  2.6835
 -1.0489
 -1.1022
 -0.9809
  1.5709
 -0.7125
  1.5362
  0.7830
 -0.2204
 -0.6689
  1.0563
 -1.8768
 -0.2411
  1.3907
  0.0717
 -0.8359
  0.7873
  0.0214
 -1.9126
  3.4344
 -1.0968
 -0.1579
  0.6083
  1.2375
 -1.7434
  0.6544
 -0.7250
  1.2242
 -0.6038
 -0.9477
  2.3582
 -1.8040
 -0.0123
 -0.6145
  1.0410
  1.1775
  0.6066
  0.2491
 -1.0790
  2.1374
 -0.1231
  0.8314
 -0.1085
  0.7256
  0.9873
 -2.1242
  0.2463
  2.3427
  0.2120
 -0.9927
 -1.0342
  1.0471
 -0.7059
 -0.5171
  0.7218
  0.0330
  1.0241
 -0.1131
  0.9393
  0.4850
  0.4523
  0.1071
  0.6483
 -0.0396
  0.6583
  1.2067
 -0.4956
  0.2660
 -0.4476
 -0.1704
  0.9480
 -0.4040
  0.7316
 -0.6411
  0.0187
 -0.3842
 -2.4749
 -1.1557
  0.2035
 -1.2152
  0.4793
 -0.3303
  1.4901
  0.4281
  0.8906
 -0.6036
 -0.3450
  1.0881
  0.6626
  0.0651
 -1.2111
  0.0940
 -1.3102
 -1.2375
  0.2903
  1.4049
 -0.0692
  0.8098
  1.1016
  0.6235
 -0.3631
  1.9971
 -1.2688
  0.0450
 -0.5312
 -0.2511
  0.8467
 -0.1051
 -0.4358
  0.4292
  0.0551
  0.8901
 -0.3553
  0.4606
  0.6216
 -0.7341
  1.8714
  0.4166
  1.2486
 -0.7564
  0.2514
  0.6695
 -0.8800
 -1.3684
 -0.6898
 -1.0625
 -1.7784
 -0.7151
  1.6122
 -0.2536
 -0.6474
 -1.2337
 -2.0841
 -2.7449
 -0.8212
 -1.6840
  0.1906
 -0.3866
 -0.0848
  0.0150
 -0.1253
 -0.6295
 -0.2491
  0.7155
 -0.8072
 -0.8154
 -0.3091
 -1.4663
 -2.5242
  0.9434
 -1.1545
 -0.7925
 -0.1063
 -1.0086
 -0.1509
  0.0015
 -0.5901
  0.2380
  0.2996
 -0.1229
  1.1660
  0.8800
  0.5312
 -1.0569
 -0.0522
  0.0551
 -0.1772
 -0.6519
 -1.0451
  0.7794
  0.1103
  0.2741
 -1.1614
 -0.3870
 -0.4085
  2.8101
  0.0709
 -1.0137
  0.4893
 -0.9825
 -2.2747
  1.3776
 -0.4568
  0.3200
 -1.3694
  0.6735
  1.2944
  0.3326
  0.2548
  1.2805
  0.3666
  0.0090
  1.8879
  1.4894
  1.0590
  1.1924
 -0.6633
 -0.4314
 -0.2227
 -1.7972
 -1.7243
 -2.0344
  0.5466
 -0.7082
 -2.1189
  0.2399
  0.5935
  0.0681
  0.3606
 -0.4430
  0.1826
  0.8591
 -0.5113
 -0.2591
 -0.4007
  0.7814
  0.4071
  1.3675
 -0.1959
  1.3137
 -0.4883
 -0.4519
 -0.3516
 -1.4611
 -0.0700
 -0.6136
  0.8866
 -0.4738
 -1.2726
  0.4904
 -0.4336
 -0.7941
 -1.4881
 -0.8405
 -2.1374
 -1.0531
 -0.1342
 -0.2819
 -0.7723
  1.0840
 -1.2792
 -0.8591
 -1.5026
  1.6238
 -0.7699
  0.8659
 -1.1583
  1.5410
  0.3375
  0.7326
  0.4498
  0.3223
  0.5513
  1.2349
 -0.5427
  0.7333
  1.0599
  0.7320
 -0.7268
  0.1096
  0.5845
 -0.6020
  1.0045
 -1.8026
  0.5007
  0.5341
 -0.0224
  1.7248
  1.2697
  0.8935
 -1.5812
 -0.7682
 -0.3336
 -0.6647
 -1.5123
  1.3368
  0.3242
 -1.0575
 -0.4411
 -2.8032
 -1.0465
  2.2387
  0.0762
  0.1688
  0.5530
 -0.8246
 -1.0056
 -1.2672
 -0.5306
 -1.1111
  0.3865
 -0.6212
 -0.2665
  0.4662
 -0.2573
 -1.8097
 -1.7055
 -0.3033
 -0.6521
  0.3788
  0.7250
 -1.0032
 -0.7225
 -0.9391
 -0.1367
 -0.6390
 -0.8455
  0.6940
  2.0202
  0.5281
 -0.4133
  1.0960
  0.9324
 -0.3196
  1.5854
 -0.5504
 -1.0219
  0.6068
  0.3672
 -0.2883
  0.1448
  1.3295
 -0.0979
 -0.3105
  0.5885
 -1.2607
 -0.2016
 -1.4451
  1.4690
 -1.5859
 -1.2395
  0.5418
  0.0793
  0.6709
 -0.0987
 -0.8475
  0.4487
 -1.6233
  0.8984
  0.0225
 -0.9991
 -1.6476
  0.5381
  0.6298
  1.4020
  0.4311
 -0.1088
  0.8890
  0.0509
  0.3365
 -0.9579
  0.1601
 -0.5331
  0.1841
 -1.3255
 -0.2485
  0.7702
  0.4001
  0.3552
  0.1673
 -0.4447
  0.1092
 -0.4140
 -0.8140
 -1.0895
  0.5373
 -0.7650
 -0.4812
  2.2241
 -1.1452
  0.6441
  1.3965
 -0.0778
  0.1651
  0.2625
  0.1591
  0.3577
 -0.0917
  0.1223
 -1.8298
 -0.3560
 -4.5623
 -1.0892
  0.3680
  0.9110
  0.0036
 -0.7037
  0.3592
  1.2508
  0.1018
  1.3526
  0.9919
  1.6307
 -0.2132
  0.1019
  0.1262
 -0.7638
  0.8250
  1.3165
  1.9419
 -0.2268
  0.5642
  0.9953
  0.8665
  0.5737
  0.6096
  0.3724
 -1.1437
 -0.8668
 -0.3790
 -0.1588
 -0.3299
 -0.3393
  1.0316
 -2.0224
  0.0076
  0.5306
  0.1979
 -1.0261
 -0.7425
  0.1519
 -1.4871
 -0.2982
  0.8717
  2.1923
  1.1711
 -0.3678
 -1.2209
  1.5403
  0.1573
  0.1421
  0.4587
 -1.7969
 -1.0307
  0.5885
  0.2054
  0.2191
  1.2451
  1.4429
 -0.7940
  0.6405
 -0.0385
  1.1192
  0.3271
 -1.2636
 -1.1170
 -0.2011
 -0.2911
 -0.6287
 -0.3654
  0.3884
  1.5180
  0.1545
  0.5599
  0.6583
  1.6744
 -0.6643
 -2.0823
  0.8647
  0.2445
 -1.1050
 -0.2737
 -0.7770
  1.4349
 -0.8325
 -0.8143
 -0.6337
  0.9857
  0.5391
 -0.8475
 -0.2062
  0.0473
  0.9483
  0.9485
 -0.6062
 -0.5240
 -0.5714
 -0.8106
 -0.4955
 -0.8896
  0.0569
 -2.2727
 -1.4001
  0.9000
 -0.3332
 -2.7848
  0.4515
  1.0599
 -0.8567
 -1.5173
  0.5948
 -0.9295
  0.5595
  0.6879
  0.1363
 -0.5279
  0.9087
 -1.5397
  1.0108
  0.9605
 -0.1169
 -0.7483
  1.0690
  1.7184
 -0.8032
 -0.3439
 -0.3293
 -2.0990
 -0.0868
  0.4119
 -1.0941
  0.8748
 -0.3570
  0.2051
 -0.4028
 -1.2024
  0.2550
 -2.2715
 -0.4957
 -0.0528
 -1.1824
 -0.6797
 -0.0943
  0.5551
 -0.5323
  0.4192
  0.2010
  0.3595
  0.2837
  0.4078
  1.2894
 -0.4716
  0.5502
 -0.0539
  2.4442
 -0.1603
  0.3121
 -0.0260
  1.4621
 -0.8003
  0.5423
 -0.7298
 -0.1323
 -0.1127
  0.6312
 -0.7234
  1.1485
 -0.6274
  0.2441
 -0.4830
  1.1009
  1.1213
  0.7232
 -0.6849
 -1.0939
  1.1201
  1.3123
  1.0760
  0.3702
 -1.4318
  0.3792
 -0.7271
  0.1931
 -0.1574
  0.5509
  1.0748
 -2.1077
  0.7304
  0.6077
 -0.9954
 -0.0635
 -1.2243
  1.4070
 -1.3323
 -1.0687
  0.3624
 -0.7436
 -0.0951
 -1.3623
  1.3279
 -0.1442
 -1.5287
 -0.1619
  1.4167
  0.0352
  0.0841
 -0.0814
  1.4648
  0.0400
  0.1289
  0.4514
  1.3186
  0.6078
 -1.8196
  0.2397
 -0.4049
  0.6730
 -1.1875
  2.4424
 -0.4504
 -1.0936
 -0.3704
  1.4076
  2.1775
 -0.6954
 -0.1522
  0.0152
  1.4929
  1.5755
 -0.2453
 -0.9869
  1.8894
 -0.0172
  0.2531
  0.1304
 -0.4591
 -0.0353
  2.1225
 -1.3103
  0.7008
  1.1839
 -1.7580
  0.6632
  1.1254
  0.9597
  0.0877
 -0.0329
 -1.4366
 -1.7292
 -0.2064
 -0.7258
 -0.9022
 -0.3918
 -0.3274
  0.3769
  0.2048
 -1.0435
  0.7967
 -0.9928
 -0.7450
 -0.3896
  0.9151
 -1.2457
 -1.1892
  2.2187
 -0.3088
 -0.2306
  0.5360
 -2.9091
 -1.1652
  0.6564
  1.3404
 -0.7709
  0.0124
  2.3190
  0.8586
 -0.0382
 -1.2764
  1.7383
  1.6628
  0.1465
 -0.6537
 -0.0469
 -0.3975
  1.0600
 -0.1034
  0.8928
  0.6212
  0.7333
  1.2902
  1.8132
  0.6789
 -0.0006
 -0.0058
 -0.4540
  0.1077
  0.3859
  0.4652
 -0.6449
  1.5378
  1.4631
  0.7298
  0.4496
 -0.1497
 -0.8355
 -1.8731
 -0.0932
  0.1744
  0.2245
  1.0724
  0.3917
 -1.5637
  0.7248
  0.5538
  0.7218
  0.3694
 -0.3395
  0.6660
 -0.1251
  0.3700
  1.8658
 -1.0217
  1.2386
  0.7907
  0.2371
  0.6908
  0.1825
  0.5710
  0.3486
  1.0729
 -0.0070
  1.2984
 -0.6492
 -0.3715
 -0.5846
  1.3518
  1.4604
  0.6624
 -0.5119
  1.0648
 -0.1871
  0.2421
 -0.3905
 -2.2889
  0.0957
  0.1151
  1.6638
 -1.3078
 -0.1948
  0.0007
 -1.3198
 -0.7025
  0.7890
 -2.2390
 -0.8647
 -2.4048
 -0.8246
 -1.9715
 -0.2248
  1.5955
 -1.0826
 -1.4125
 -0.6977
  0.4382
 -0.5651
 -0.8459
 -0.3738
  0.5968
  0.1198
  0.8801
  0.6104
 -0.1464
 -0.1243
 -0.2476
 -0.5822
  0.5640
  0.0368
 -1.0304
 -0.5716
  1.1688
 -1.0969
  0.1570
  0.6395
  0.5088
  1.6440
  0.6334
 -1.4559
 -1.4150
 -0.8743
  1.0629
  1.6171
  0.7574
  0.6370
 -0.7108
 -2.0561
 -0.4230
 -0.3494
  0.1530
  0.3687
 -2.4565
  0.9024
  0.2659
  0.3805
  1.8122
 -0.4918
  0.5952
  1.0702
 -0.1780
 -0.8597
 -0.8724
  0.8078
  1.0446
  0.2969
 -1.1230
 -0.8270
  1.4497
  0.2075
  0.9335
  0.5009
 -0.4518
  1.2763
 -0.7821
 -0.0419
  0.0170
  2.0381
 -0.8099
 -0.0472
  1.5315
 -0.5950
 -0.5102
 -0.3143
  1.3290
 -0.7109
  2.0448
 -0.3119
 -0.9702
  1.1582
 -0.4721
  0.2886
 -0.6899
 -1.5497
  0.6205
  1.9806
 -1.2076
  0.6372
 -0.2140
 -0.6948
  0.9573
 -0.3225
  0.1196
  0.0363
 -0.0765
 -0.5193
  0.5045
  1.5182
 -0.1766
  0.3488
 -0.3257
 -0.9881
  1.1968
 -0.1608
 -1.8936
 -1.0872
  0.5079
 -0.4912
 -0.8661
 -0.0001
  0.1692
  1.3088
 -0.1417
  0.3722
  0.7558
  0.1757
 -0.9011
 -0.0259
  0.5884
  0.2920
 -0.1032
  0.4184
 -0.9270
 -0.8958
 -0.3098
  0.4901
  0.2752
  1.0353
 -0.0467
 -1.7566
  0.7000
  0.9755
 -0.3399
  0.9932
 -0.1884
 -0.3210
  2.4451
 -1.4258
 -0.1366
 -0.1664
 -0.4222
  1.1220
  0.8920
  0.5597
  0.1116
 -0.7641
  1.5486
 -2.0000
 -2.2226
  1.2195
  1.1624
  1.6322
 -1.6368
 -1.4897
  0.1004
 -0.8376
  0.3897
  0.2392
 -1.1944
  0.3434
 -3.0264
  2.4530
  0.5411
  0.3239
  0.0526
 -1.2153
  1.1310
 -1.5615
 -0.1049
 -0.6287
  1.1722
  0.7018
  0.4949
 -0.3703
 -0.0870
 -1.4963
  0.7108
  0.2919
  0.3400
 -0.7210
  0.9265
  1.0184
  0.9576
  0.7908
 -0.6453
 -0.2354
 -0.1350
 -0.8186
 -1.5750
 -0.1492
 -0.4339
  0.1243
 -1.1958
  0.5016
 -0.6017
  0.0566
 -0.7999
 -0.3174
  0.0605
 -0.0534
 -1.5316
  0.5536
 -0.3159
  2.2751
 -1.0951
 -0.0062
  0.9023
 -1.1029
 -1.4865
 -0.4691
 -0.2570
 -0.2782
  1.6475
  0.8792
  0.5821
 -3.2880
 -1.3834
 -0.7862
  2.0027
  0.6080
 -0.8631
  0.8137
  0.4553
  1.5554
  0.8319
 -1.2840
 -0.6163
  0.3539
 -1.5432
 -0.6662
  0.8946
 -0.1280
  1.4004
  1.5972
  0.0984
  0.8630
  0.7661
  1.8864
 -0.0490
  1.0847
  1.1050
  2.7276
  0.6733
 -0.3199
  1.2873
 -0.7116
  2.0801
  0.5004
 -0.8739
  0.7908
 -1.2274
 -0.5964
  0.5137
 -1.3130
  0.5182
 -1.2595
  0.8211
 -0.4062
 -0.3526
 -0.9857
  0.8106
 -1.5797
  0.2358
  1.6427
  1.7864
  0.1905
 -0.4216
  0.8915
  0.2257
  0.0515
  1.8944
 -1.1399
 -0.9850
 -0.5397
  1.6025
 -1.4658
  1.0838
 -0.6650
 -0.9071
 -0.8213
  1.6989
  0.3891
  0.3196
  1.5901
 -0.5218
 -0.4687
  0.4838
  2.0358
  0.7262
 -0.1077
 -0.5180
 -1.6548
  1.2222
 -1.6890
  1.1599
 -0.9546
  0.0956
 -0.8900
 -0.8917
  0.6057
  1.8346
 -0.9864
  0.1105
  1.3996
 -0.1977
  0.3845
 -1.4507
  1.5436
 -0.4355
  0.3894
 -0.2849
 -0.0471
  0.2832
  0.1478
  0.2907
 -0.8613
  0.6011
 -0.9168
  0.1372
  0.5129
 -1.5233
 -0.0952
  1.3171
 -0.2324
 -0.9196
  0.0020
 -1.1276
 -0.4105
  0.4405
 -0.2953
 -0.4590
  1.4292
  1.4541
  2.1597
  0.0247
  1.6550
  0.4243
  0.3697
  1.0826
  0.4879
 -1.3129
  0.0440
  0.4709
  0.6857
 -0.4521
  0.1284
 -0.5370
  0.5175
 -0.5995
  0.0405
 -0.1981
 -0.3932
  0.1344
 -0.3188
  1.1365
 -1.0399
  0.8895
 -0.1577
  0.3966
  0.0068
  0.9828
 -1.3894
 -0.3356
 -0.5779
 -0.7009
 -0.9851
  1.4919
  0.4487
  0.6278
 -0.5631
  0.4273
  0.4421
 -0.8201
 -1.9633
 -0.5842
  0.3892
 -0.2544
 -0.9403
 -0.2211
 -0.2011
  2.2285
  2.0597
 -0.3277
  0.4490
 -0.1973
 -0.9375
 -0.8521
  0.2949
 -1.4008
  0.0564
 -0.8170
 -1.7409
 -0.2132
 -0.9283
  2.1963
 -0.3075
  0.5567
  0.0620
 -0.9051
 -1.3805
 -1.9959
  1.3388
  1.4101
 -0.0510
  1.5005
 -0.6044
  0.0133
 -0.1433
 -0.6398
  1.2511
  0.8745
 -0.0812
  0.3809
 -0.5022
 -0.4358
  0.8999
 -0.4211
  0.4146
 -0.0160
  0.0159
 -0.4884
  1.1571
  0.5004
  0.1375
  0.5729
 -0.5875
  1.0160
 -0.0824
 -1.6627
  0.8921
  1.0025
  0.6497
  0.1398
  1.7478
 -0.6402
  0.1804
  0.6925
 -1.3365
  0.6198
  0.5844
 -1.2114
 -1.7539
 -1.8702
  0.6283
  0.4421
 -0.6621
 -0.1868
 -0.0010
 -0.8149
 -0.2156
 -2.0275
 -0.5245
 -0.9922
  0.6451
 -0.1043
 -0.3546
 -0.5553
 -0.9197
  1.6579
 -0.3019
  1.2879
 -0.1090
 -0.1119
  0.1830
  2.2489
 -0.0488
 -1.6065
 -1.9055
  1.0503
 -0.4150
  0.6433
  0.3533
 -1.6362
  0.2005
 -0.9781
 -0.1104
 -0.2498
 -0.3315
  0.4035
  0.4698
 -0.7361
 -0.5939
 -1.0889
  0.3560
 -0.4567
 -0.5708
 -0.7672
  0.1742
 -0.1513
 -1.2017
  0.0325
  0.5284
 -1.4954
 -1.8680
  0.2021
  1.9977
  0.2265
  0.9059
  1.7161
 -1.6207
 -0.8236
 -0.0584
 -0.7440
 -0.5494
 -1.4522
  0.6815
 -0.2454
 -0.2548
 -0.6890
 -2.0793
 -0.9622
 -1.6658
 -0.3814
 -0.1586
 -0.7217
 -0.3860
 -0.6369
 -1.6967
 -0.1991
  0.2442
  0.7527
  0.2727
 -0.8407
 -1.3010
  1.1559
  1.8134
 -0.2104
 -0.4541
 -0.6785
 -2.4057
  0.6429
  1.1095
  0.9873
 -0.6841
  0.4884
  0.2823
 -0.3385
 -1.3559
 -0.4909
 -0.8246
  1.5464
  0.3743
 -1.5812
 -0.7121
 -0.6407
  0.7903
  0.6826
  1.2699
 -0.9507
 -0.4101
 -0.5853
  0.6826
  0.7206
  0.6178
  1.2593
  0.4051
 -0.6008
  1.1384
 -1.7400
 -1.7457
 -0.7708
 -0.0648
  0.6908
 -2.1771
  0.6234
 -0.2758
 -2.2210
 -2.5241
 -0.3196
  0.1616
  0.4426
 -0.4656
  2.0228
 -0.3266
 -0.1510
  0.9444
  2.0064
 -0.6630
 -1.1480
 -0.3443
 -0.9085
  0.1339
  0.2959
  0.1538
 -0.2817
 -1.3975
 -0.3019
 -0.2166
  1.4302
 -0.3695
  1.4662
  2.2156
  0.3341
  1.2612
 -0.6277
  1.4488
  0.3471
 -1.4685
 -0.5972
  0.7475
 -0.7409
  1.0426
 -0.4995
  0.6567
 -0.2982
  1.0620
  1.3527
  0.4456
 -0.5569
 -0.6834
 -0.7379
  0.6026
 -1.3119
  0.5439
 -0.6802
 -0.6062
  0.3321
 -0.5625
  1.0326
  0.1439
  0.9719
 -0.3970
  0.1961
  1.0333
 -0.1016
  0.1309
  1.5468
  0.2355
  0.3395
 -0.5940
  0.1917
  0.9183
 -0.1318
  1.1524
 -2.1290
 -0.7074
  0.1202
  0.0923
 -1.2538
 -0.8758
 -1.7878
 -1.0179
  0.1234
 -1.0239
  0.2790
  1.0749
  0.7535
  0.4692
  0.1854
 -0.5791
 -0.9365
 -0.9627
  1.6969
  0.3941
 -0.8057
 -0.1319
 -0.4668
 -0.1628
 -1.0580
 -2.3520
  0.2371
 -0.6015
  1.6586
 -0.4437
  0.6707
 -0.9416
  0.0773
  1.6899
 -0.1788
  0.0007
  0.3678
 -0.6984
 -0.9067
  0.0345
  0.1065
  0.0182
 -0.1520
  0.3325
 -1.2543
  0.6578
 -1.0704
  0.4587
  0.2769
 -0.4196
  0.4564
  0.5961
  0.5142
  0.7142
  1.5345
  0.6906
  1.1238
 -1.0715
 -0.1179
 -1.4375
 -1.0360
  0.5761
 -0.8736
 -0.5894
  0.9259
  0.7991
  0.0408
  0.9538
 -0.3992
  0.6944
 -0.8973
  0.1072
 -1.0166
 -0.0078
 -0.6521
 -0.9543
 -0.6734
  1.8598
 -0.1670
  0.2331
 -1.1911
  0.2004
 -0.1650
  0.2846
 -1.1670
 -1.4527
 -0.4464
  0.8321
 -1.0056
  0.4137
 -2.2183
 -0.1855
  1.7523
 -0.8748
  1.1136
  0.7975
 -0.5015
 -0.7243
 -0.4395
 -0.4534
  0.2911
  0.1832
 -0.2617
  1.8007
 -0.0766
 -0.1164
  0.9438
  0.2110
 -2.2007
  0.6727
 -0.3129
 -0.3029
 -1.8353
  0.3901
  0.1865
  0.2765
  0.2899
 -0.0998
 -0.1799
  0.1118
 -0.7149
  0.2424
  0.0073
  0.3530
 -0.7585
  0.2173
  0.0685
  0.3998
  0.5614
  1.7072
 -0.0785
  0.0017
  0.0397
  1.2274
 -1.0116
  0.1098
 -1.4941
  1.6106
  0.6009
 -0.2016
  0.8175
  0.1861
  1.5526
 -0.6054
  1.1944
 -0.7220
 -0.0121
  0.4353
  2.0221
  0.1482
  0.2161
 -1.1944
  0.7331
  2.7243
  1.3500
  0.8891
  0.5931
  0.1817
  0.6063
  2.3001
  2.2739
 -0.7098
 -0.2704
 -0.2262
 -1.9437
 -0.9165
 -0.3993
  1.6768
 -0.9580
 -0.2883
 -0.0082
  1.4624
  0.2830
 -0.2244
  0.6081
 -2.1387
  1.3459
 -0.2518
 -0.1640
 -0.1305
 -2.1756
  1.5770
 -0.4296
 -0.2839
  1.1903
 -0.1245
  1.6296
  0.3706
  0.7063
 -0.9564
  1.9715
  0.2534
  1.2856
  0.1018
  0.3318
 -0.2639
  0.1297
 -0.0413
 -0.6653
  0.7420
  1.5025
 -1.0173
  0.1203
  0.0526
 -0.6770
 -0.6228
 -0.4337
  0.5301
  0.0469
 -0.5260
  0.0864
 -1.5779
 -0.2644
  0.2019
  0.0176
  0.1693
 -0.7927
  0.0764
 -1.9292
 -0.2632
  0.2948
  0.4943
 -1.3482
  1.3872
 -0.4184
  0.5979
 -1.0795
  1.3180
  0.9411
  0.7003
 -1.4144
  0.7810
 -0.1392
 -0.2205
 -0.4466
 -1.0926
 -1.0284
  0.4746
  1.0598
  0.8630
 -0.5529
  0.1726
  1.4144
 -1.9638
 -0.4380
  0.6425
 -0.8904
 -0.4827
  0.6772
  0.9868
 -0.9575
  0.8482
 -0.4260
 -1.3486
  1.0136
 -1.5492
 -1.5779
 -0.8685
  0.9535
  0.0046
 -1.5552
  1.4570
 -1.3380
  1.4236
 -0.9277
 -0.2930
 -0.6815
  0.5617
  0.3482
  0.9835
  0.7999
 -1.7351
  0.2662
 -0.2433
  1.4383
 -0.3615
 -2.1540
 -0.2898
 -0.2352
 -2.1361
  0.4860
  0.7441
 -0.0843
  0.3252
  0.4165
 -1.0027
 -0.3811
  0.5892
  1.7250
  0.2500
  0.3241
 -0.1638
 -0.0931
  1.7555
 -0.4232
 -1.4071
 -1.3702
  1.6428
 -0.0527
 -1.2235
  0.5303
  0.8217
 -0.6043
  2.1016
 -0.7460
  0.4670
  0.0958
  1.6705
  0.5827
  0.2537
  0.1156
 -0.0723
 -1.5198
 -0.3698
  0.0604
 -2.8434
 -0.9564
  0.8255
 -0.4095
  1.1575
 -1.2473
  0.8560
 -0.2395
  1.9874
 -2.8664
  0.3354
  1.0296
 -0.8769
  0.3711
 -0.0164
 -1.5164
  0.2767
 -0.3339
 -1.1518
 -0.2982
  1.3933
 -0.3715
  0.4190
  1.5084
 -1.1764
 -0.0352
  0.8144
 -0.4114
 -0.2788
  1.0782
 -2.3585
 -0.6719
  0.5923
 -1.0421
 -0.4766
  0.8273
 -0.3437
  0.8595
  1.3398
  0.0403
  0.8861
 -1.4634
 -0.6771
  1.6816
  0.3724
  0.4205
 -2.0280
  0.9073
 -0.9720
 -0.6558
  0.8112
 -0.0324
  0.8789
  1.3629
 -0.9848
  0.8694
 -0.5118
 -1.2189
  1.8221
 -0.8353
  0.5496
 -0.7777
 -0.5165
 -1.5473
  1.7648
  0.0889
  0.6345
 -1.9450
  1.0673
  0.2429
 -0.3262
 -0.4368
  0.4152
  1.1667
 -0.6142
  2.3243
  0.2202
 -0.2216
  0.0012
  0.6636
  0.3262
  0.0124
  0.3021
  0.8069
  1.5049
  0.7371
  2.7444
 -0.8111
 -1.4581
  1.1882
 -0.4518
 -0.2340
  0.2992
  0.5372
 -1.0139
 -0.1427
  0.5463
 -0.2658
  1.3836
  1.1234
  1.2280
  0.0626
 -1.4769
 -0.4481
 -0.7585
  1.6753
  1.6473
  0.8532
 -0.7427
 -1.5178
  1.8295
  0.6136
 -0.4906
  1.7337
 -0.1371
  0.1475
 -1.0941
  0.3714
  0.3642
  0.7742
 -0.5982
 -0.2113
  0.3792
 -1.0784
 -0.2166
  0.2309
 -0.4088
 -0.3107
  1.5470
 -0.8709
 -1.4593
  1.9476
  0.1789
  0.0358
  1.5506
  1.4382
  0.4009
  0.1725
  2.2541
  0.0962
 -0.7819
 -0.1861
 -1.3418
  0.5882
 -1.8658
 -0.3789
  2.0573
  0.2611
 -0.9104
 -0.2214
  0.7508
 -0.1757
 -1.0113
  0.6685
 -0.1213
 -1.6283
 -0.3953
 -0.2130
  1.6428
 -0.4013
 -0.1848
  0.9570
  0.8548
  0.5659
  0.7667
  1.1921
  2.1211
  0.7463
 -0.5263
 -2.5799
  0.7398
  0.3656
 -0.0267
 -1.2087
  2.3799
  1.9905
 -1.0839
  1.4996
  0.3051
  0.8088
 -2.0147
 -0.9162
 -0.1447
 -0.8012
 -2.0056
  0.8956
  0.3982
  0.3105
  0.5954
 -0.6673
  1.6125
 -0.1971
 -0.2785
 -0.6688
 -0.0359
  0.2062
 -2.6389
 -0.2991
 -3.5163
  0.3005
  0.2518
  1.8280
 -2.7497
 -0.0260
  0.7921
 -1.0241
  1.3074
  0.3562
  1.1648
 -0.0144
 -1.4097
  1.2348
 -0.5359
  0.3570
  0.3903
  0.2635
  1.3294
 -0.7383
  1.1998
  1.7013
  0.7960
 -0.0131
  0.2248
 -0.8576
  0.3062
  0.1230
 -1.4639
 -0.7472
  0.5087
  1.4938
 -0.2295
 -0.2929
  0.6741
  1.2203
 -0.6788
 -0.0289
  0.9194
 -0.7238
 -0.2684
  1.6266
  0.9536
  1.8537
 -0.3697
 -1.1660
  1.2251
  1.3009
  1.1902
 -1.5982
 -1.3010
  0.0851
  0.9852
 -1.3926
  0.0379
  0.0948
  0.5854
 -0.0017
  0.8394
  2.2064
 -1.8599
 -0.1278
  0.7132
  0.0523
  1.2161
  0.7826
 -1.1613
  0.0510
  1.1408
  0.0948
  0.2964
  0.3679
 -0.3507
 -0.4430
  0.5184
 -1.9778
 -1.1818
 -0.1775
 -0.7842
  0.3438
  1.0212
 -0.5255
  1.2919
 -1.2348
  0.8124
  0.5159
 -0.5170
 -0.5492
  0.8766
 -1.3325
  1.0757
  0.7709
  0.1730
 -0.8643
 -0.0957
 -1.1309
  0.4411
  1.1672
 -1.2793
  0.4059
  0.6319
  2.2155
 -0.6768
  0.2291
 -1.1783
  1.4713
  0.2108
  0.2776
 -1.6025
 -0.7447
 -0.5443
 -0.4168
  1.5352
  0.4836
  0.5499
  0.3639
 -1.1093
 -0.9918
 -0.1071
  2.3168
  0.0877
 -1.9353
  0.5396
 -0.7343
 -0.6546
 -0.8728
  0.4231
 -0.1219
  0.5264
 -0.4233
 -0.5370
  0.9226
  0.5547
  0.3789
 -0.3941
  0.1033
  0.4313
  0.9090
 -1.6134
  0.6458
  0.1171
  1.1451
 -1.5064
  0.3596
 -0.0644
  0.3713
 -0.6852
  0.8971
 -0.5120
  0.9872
 -0.5962
 -0.4502
 -0.0681
 -0.4505
 -0.1119
  1.3985
 -2.6963
 -1.0855
  0.3876
  1.4838
 -1.6912
  2.2275
  0.1339
 -0.5911
  0.2511
  0.5846
 -0.6094
 -1.1783
 -0.4757
 -0.7006
  0.3061
  1.2688
 -0.0639
 -0.4872
  0.1242
 -1.5735
  0.9559
 -0.5569
  2.5893
 -0.3429
 -1.2941
  0.1506
 -0.1138
  0.8892
 -0.6292
  0.9141
  0.6383
  0.5881
 -1.5908
 -1.1124
 -0.3062
  1.7285
 -0.0738
  0.1030
 -1.4646
  0.5423
 -2.2480
 -1.0837
 -1.3626
  0.1245
 -0.2307
  0.8141
  1.3463
 -0.4175
  1.0439
  0.8021
 -1.0688
 -0.3151
 -0.7422
  0.1174
  0.0757
  0.7498
 -1.3826
  0.4298
 -0.2629
  1.1446
  2.0788
  0.3931
  0.8419
  0.2603
 -1.5720
 -1.0970
 -0.6209
 -0.4164
 -1.0725
 -0.6489
  1.5562
  1.2510
 -1.0228
  0.2335
  0.6608
 -0.9045
  0.2124
 -0.9806
 -2.0168
  1.5668
  1.1745
 -0.0703
 -0.6177
 -1.5066
 -0.9940
  0.2416
  0.3901
  2.2045
  1.0622
  1.3113
 -0.5475
  0.2470
  0.6367
 -0.3861
  1.5957
  0.4943
  1.1554
  0.1143
 -0.6594
  0.5591
  0.6469
 -1.3922
  1.5594
  1.8249
  1.5372
  0.1148
 -0.0056
 -0.1955
 -0.3138
 -0.2002
 -0.5993
 -0.8761
  1.7789
 -0.2941
  0.3016
 -0.3500
 -1.0315
 -1.3322
  0.0959
  0.2221
 -0.5267
 -1.3586
  1.8478
  1.4097
  0.3944
 -0.6124
 -1.5588
  1.7033
  0.6713
 -0.8758
  0.8110
 -2.1923
 -1.5924
  0.5626
  0.4549
  1.7108
 -1.9551
  2.5641
 -1.3330
 -1.1218
  0.5339
  0.7760
 -1.5502
  0.6348
  0.6703
 -1.5152
 -1.1545
 -0.0281
 -0.6135
  1.2047
  2.8168
  0.0077
 -0.5518
 -1.2479
 -1.1858
  1.7515
 -2.1975
  0.9727
 -0.3026
  0.5689
 -0.7945
  0.2339
 -2.3466
 -2.4533
  0.3820
 -0.1578
 -0.3927
 -1.2103
  0.3235
  2.1611
 -1.0475
  0.7603
 -1.5655
  0.4609
  0.4792
 -1.2399
 -0.8525
 -1.1176
 -2.1106
 -0.4428
 -0.8538
  0.0863
 -0.3958
  0.7807
  1.4303
 -0.4292
  0.2589
  0.4417
  0.0489
 -0.1746
  0.1773
  0.2428
 -1.9615
  1.0066
  0.4781
  0.4324
 -0.3752
 -0.0648
  0.3844
 -0.4733
 -0.5104
  0.6147
  0.9555
  0.6958
  0.0985
  0.5297
 -1.7538
 -0.0280
 -0.0363
 -0.2892
 -1.3597
 -0.2491
 -1.4619
 -0.7100
 -0.3158
  0.2337
 -0.6254
  0.3068
  1.5079
  0.1719
 -0.2812
 -0.8390
 -0.0544
  0.4803
  2.3735
 -0.1620
  0.0103
  1.2370
 -2.1211
  0.1693
  0.8259
 -0.0874
  0.4044
 -0.2887
  0.5020
 -1.1280
 -1.9137
  1.0445
  1.2458
 -0.2377
 -1.2831
 -0.0501
 -1.5514
  0.3504
 -1.1104
  0.2443
  0.3325
 -1.1903
 -0.5185
 -0.8762
  0.5095
 -0.9179
 -0.4127
 -0.3941
 -1.0904
  0.8852
 -1.5733
 -0.5544
  0.0855
  1.4446
 -0.3617
 -0.8745
  1.5621
  0.8293
 -0.3589
  0.7478
 -0.2658
 -1.7159
  1.3909
  0.5408
 -1.1578
 -1.0594
 -0.8417
  1.1250
 -0.4166
  0.8341
  0.7469
  0.1648
  1.4874
  0.4675
  1.1304
 -0.1967
  1.2052
 -0.7154
  1.2712
  0.9421
  0.6127
  0.2401
  0.8409
  0.6983
 -0.1735
  0.2609
  0.2006
  2.5747
 -0.2177
  0.2276
  0.0169
 -0.4842
 -0.3217
  0.9189
  0.3136
  2.4728
  1.4573
 -0.1211
  1.4869
 -1.1932
  0.8974
 -0.5389
 -0.4080
 -0.2117
  1.0902
  0.3798
  1.6709
 -0.1897
  0.8773
  0.9788
  0.8434
 -0.6461
  1.2683
  0.5193
 -0.5257
 -0.4502
 -0.8167
 -1.1026
  1.6711
 -0.4842
  0.9868
 -1.3122
  1.6993
 -2.0231
  1.4005
 -0.3451
  1.5268
  0.1863
 -0.9390
 -0.1238
 -0.6015
 -0.0239
  0.2334
 -0.2495
  0.9215
  0.4677
  0.6792
  1.6376
 -0.5902
 -0.1654
  0.7952
  1.5234
  1.6465
 -2.1291
  0.0138
 -0.5454
  0.5198
 -1.4594
 -1.1874
  1.5310
 -0.1049
 -0.8879
  0.4235
 -0.1380
 -0.3013
 -0.0591
  1.2759
  0.5590
  0.4234
 -0.1086
  0.4983
 -0.1743
 -0.2692
  0.1101
 -0.9814
  0.6968
 -0.0139
  0.1378
 -0.3141
 -1.5057
  0.3643
  0.6352
  2.1725
  0.1440
  0.6188
 -0.4311
 -0.1002
 -0.2042
 -0.1105
 -0.9623
  0.4109
 -0.4254
  0.4768
 -0.8335
  0.0076
  0.6055
 -1.7200
  0.1848
  1.3681
  0.0611
 -0.8094
  0.8129
  0.8015
 -1.2987
 -1.1446
  0.5648
  0.6876
 -1.0690
 -1.0580
  3.3630
 -0.7280
  0.2301
 -0.0791
 -0.9102
  0.3837
 -0.4935
  1.5659
  0.6081
  0.8452
  1.9370
 -1.5959
 -0.6071
  1.6368
  1.6770
 -2.1234
  0.1367
 -0.1337
  0.4195
 -0.9722
  0.4695
  1.1101
  1.0538
  0.2839
  0.7852
 -1.4860
 -0.9920
 -1.0913
  0.2011
 -0.3084
  0.3156
 -2.1237
  0.2910
  0.4379
  0.6685
 -0.2049
 -2.4666
  0.7754
  0.8962
 -2.6663
 -0.6745
  1.8806
  0.7362
 -0.3773
  1.6567
 -0.3594
 -0.4247
 -0.5003
  0.0322
  0.0480
 -0.9876
  0.6367
 -0.2790
 -1.1894
 -1.3517
  0.2471
  0.2710
 -1.9364
  1.0756
 -1.4774
  1.3969
  1.0895
 -0.4912
  0.8505
 -0.6463
  0.6261
 -0.1016
 -0.6857
 -0.6225
  0.9953
  0.9518
 -1.4812
 -0.5007
  0.5062
 -0.4328
 -0.1449
  0.9708
 -2.1947
 -0.4824
 -0.9970
  1.7659
 -0.2473
 -2.0497
 -2.1948
  0.0800
  0.9222
  0.4061
  0.1110
  0.6203
  0.0785
  1.8029
 -0.4386
  0.5744
 -1.3923
  0.5356
  0.8364
 -0.9331
  1.0854
  0.9506
 -1.4529
  0.0483
 -2.6542
  0.1338
  0.2020
  0.0668
 -0.1028
 -1.5434
  0.2490
 -0.9804
 -1.1963
 -0.2178
  0.2065
  0.0183
 -0.4258
  1.5977
  0.6995
 -0.4876
 -0.1224
 -0.4086
 -0.7373
  0.6105
 -0.1598
 -0.3729
 -0.9396
  0.3513
  0.1409
 -0.0346
 -0.7472
  0.7773
  0.0798
  0.8480
 -0.4555
  1.2217
 -1.4146
 -0.5931
  0.2614
 -0.9160
  1.3346
  1.6986
  0.4866
  0.6678
 -3.0536
 -1.0342
  0.3812
  0.0804
 -0.7228
  0.2128
  0.3099
 -1.0619
 -1.1084
  2.5820
  1.9867
  0.1676
  3.3281
 -1.0526
  0.7649
  0.1516
  0.6279
 -0.7298
  0.9016
  0.5411
 -0.3982
  1.0118
  0.3561
 -0.5130
  0.6130
 -0.1471
 -0.8422
  0.8592
  0.8794
 -0.1986
  1.6113
 -0.4578
 -0.7075
  1.8459
  0.2568
  1.4924
  0.6379
  1.2161
 -0.1322
 -0.7003
  0.1161
  0.1795
  1.1202
  0.7881
  0.1271
 -0.3908
  0.6885
 -0.8092
 -0.4056
  0.1322
 -0.7461
  1.3111
  0.4795
 -1.4568
  0.1310
 -3.0413
  1.3913
  1.1336
  2.5974
  1.4888
 -0.6860
  0.5296
 -0.3824
  0.5182
  0.5379
 -0.2118
  1.0814
 -0.4813
  0.1560
  0.5092
  0.4646
  1.0593
  1.6855
  0.1095
 -0.5336
 -0.2717
 -0.6670
 -1.0459
 -1.8898
  0.3770
  1.2114
  2.0822
 -2.7253
  0.3091
 -0.6874
  0.5431
 -0.0531
 -0.5201
 -0.4190
 -0.8382
  1.4651
 -1.6638
  2.1498
 -0.4339
 -0.6580
  0.8143
 -0.9454
 -0.7864
  1.2788
 -2.3430
  0.4886
 -0.3813
  0.3899
 -0.1164
  2.2565
  0.7931
 -1.0080
  1.3947
  0.5916
  0.9936
  0.2152
 -0.9538
  0.0777
 -0.0079
  0.2309
  1.2013
 -0.2001
 -2.2756
 -0.3703
  1.1909
  0.2990
  0.6449
  0.6772
  0.9347
  2.0307
  0.0342
 -1.0659
 -1.5932
  0.0019
 -0.1286
  2.2039
 -1.5198
  1.3219
 -1.6401
 -1.0216
 -0.3625
 -0.5184
  0.7306
 -1.4307
  0.8628
  0.9527
 -0.0427
 -0.4660
  2.0923
  1.3779
 -0.1916
 -0.4445
 -0.8438
 -0.5287
 -0.9585
  0.7259
  0.8328
  0.0846
  0.3957
 -0.9509
 -0.3860
  0.9472
  0.0715
 -1.2183
 -1.0286
 -0.3348
  0.0500
 -1.8437
 -1.2781
  1.8282
 -0.8808
  0.5781
  0.8604
 -1.1635
 -0.1614
  0.6559
 -0.6411
 -0.4537
 -1.3934
  1.2210
  0.0076
 -3.5336
 -3.1880
  0.9005
  0.2170
  0.5595
 -1.1112
  1.9198
  0.2856
  0.4419
 -1.2302
 -1.3135
  0.6524
  0.8184
  0.1055
 -0.7101
 -0.5042
 -0.3913
  0.0270
  0.2415
 -1.0544
 -1.2221
 -0.4629
  0.0041
 -1.7250
 -1.1634
 -0.4960
 -0.0251
  0.9291
  2.5086
  0.4116
  0.4812
  0.4774
  1.6651
  0.2423
 -1.8293
 -0.1730
 -0.1383
  1.1961
  0.6868
 -0.4272
 -2.2947
  0.0931
 -0.0600
  0.1335
 -1.0418
 -0.4331
  0.1590
  1.0731
 -0.6504
  0.8737
  0.7182
  1.4471
  0.1620
  0.4070
  0.2437
  0.1870
 -0.0161
 -0.3991
  0.2758
  1.9193
  0.0084
  2.3663
 -0.5078
  1.8007
 -0.0049
 -0.4625
  0.8793
 -1.0073
 -0.8993
 -0.7784
 -0.0675
 -0.0185
 -0.4745
  0.5056
  1.1807
 -0.9977
 -1.3000
 -0.0104
  0.1476
 -0.6275
  1.0614
 -0.8766
  0.5424
  1.5581
  2.5884
 -0.4020
 -0.2930
 -0.7819
 -0.4033
 -0.4120
 -1.4644
 -0.0430
 -0.0583
 -2.0476
  1.3434
 -0.4168
 -0.3078
  0.1145
  0.2318
 -0.8736
  0.4969
 -1.2276
  0.3832
 -0.4928
  2.2236
 -0.1178
 -1.0995
  0.8947
 -0.1572
  1.0476
  0.2584
  0.6425
  1.5001
  0.8185
  0.3314
 -0.5346
  0.4727
  0.2285
  0.9664
 -1.3723
 -0.4188
  2.0001
  0.9569
 -0.0663
  0.8067
 -0.5193
  0.5762
  1.9999
 -0.1994
  1.2978
 -0.8143
 -0.2068
 -0.6582
 -0.7806
  0.0656
 -1.1722
 -0.8881
 -1.5083
 -0.1994
  1.0957
  1.1324
  0.6425
 -0.4297
  2.1471
 -1.3774
 -0.4485
  1.1304
 -0.9203
 -0.1257
  0.7025
  1.0192
 -0.9451
 -1.4182
  0.9985
  0.1104
  0.0247
 -0.4251
  0.6302
  1.6855
 -0.8150
  0.4927
  0.4110
  1.5082
 -0.1474
  0.2868
 -0.0226
 -1.1618
  0.6778
 -1.2909
  0.0118
 -0.2276
 -1.0162
 -0.4920
  1.1939
  1.4448
  1.9864
  0.0360
  1.7793
  1.7779
  0.0300
  1.5739
 -0.6682
 -1.3002
  0.1874
 -0.3505
 -1.8043
  0.9547
 -0.7260
 -0.2480
 -0.8371
  0.5385
 -0.3168
 -0.7942
  0.6577
 -0.2429
  1.5693
  1.4928
 -1.0369
 -0.8443
 -0.2830
 -0.8296
 -0.3604
  0.6192
  0.9188
 -1.0277
  1.0060
 -1.7829
  0.7879
  0.1361
  0.2721
  0.1801
 -0.1736
 -1.4172
 -1.9062
 -0.9804
 -0.9503
 -1.0179
 -0.5101
  0.8376
  1.3966
 -0.4405
  0.3089
  1.5026
 -0.4209
 -0.3372
  0.7769
  0.7255
 -2.3550
  0.0096
  1.4471
 -0.7157
  1.7663
  1.4583
  0.8259
  1.2922
  1.0243
  0.1025
 -0.1843
 -0.6731
 -1.7171
  0.7510
 -0.8267
  0.1388
  0.0771
 -1.0757
 -2.5241
  0.8752
 -0.7480
 -1.7597
  1.8718
 -0.4689
  0.2436
  0.0558
  0.5211
 -0.0079
 -0.6950
 -0.1629
 -0.1521
  1.7449
 -0.5176
 -0.7921
  2.2205
 -0.1754
 -0.4249
  0.4924
  0.4815
  1.7461
  0.8294
 -0.2078
 -0.1579
 -0.5026
 -0.1762
  0.3922
  1.8158
 -0.4209
  0.1723
 -0.1451
 -0.2141
  1.0128
  0.0550
 -0.0018
 -0.8373
  0.8586
 -1.3259
  2.1665
 -0.2040
 -0.3955
 -0.5655
 -0.7031
  2.0735
 -0.5173
 -0.1746
 -0.1479
 -0.3565
 -0.0667
 -0.3388
 -0.9542
  0.7404
  1.9568
 -1.1499
  0.6758
 -0.8986
  0.2198
  0.1804
  0.7577
  1.1589
  1.1162
  0.2976
 -0.1198
  0.2095
 -1.6410
  1.8352
  0.6181
  0.6378
 -0.6540
  0.2722
  0.1720
  0.6100
 -0.9057
 -0.1523
 -1.4283
  0.9691
  0.3701
  0.4965
 -0.6825
 -0.0450
  0.5814
  0.6249
  0.1024
 -0.3269
  0.1660
  0.0133
  0.4102
  0.4979
  1.5776
  2.3264
 -0.7464
  0.2741
  0.4522
  1.1437
 -0.4408
 -1.3177
  1.7945
 -0.0562
  0.9114
  0.1539
  0.8697
  1.4978
  0.2351
  1.2442
  0.7675
 -1.2941
  2.6500
 -0.0971
 -0.6923
 -1.7489
  0.4672
 -1.2354
 -1.1742
 -2.1095
 -0.8535
 -0.3862
  1.1470
 -1.8111
  1.0531
  0.7369
 -0.5029
 -1.3235
 -1.4369
  2.3849
  0.8115
 -0.0242
 -0.2660
 -0.2237
  0.2349
  0.4068
  1.6624
 -0.5757
 -1.3810
 -1.7549
  0.5957
 -0.5970
 -2.0450
 -0.7129
 -0.1441
 -0.2460
  1.2324
  1.0136
  0.9285
  0.2533
  0.1471
  1.9309
  0.1682
  1.7964
  1.7177
 -1.5787
  0.4670
  0.4753
 -1.8342
  1.4554
 -1.7216
 -0.0852
 -0.2941
 -1.4592
 -0.1529
  1.9527
 -0.6060
  1.6623
 -0.9941
 -0.4216
  0.2402
 -0.6299
 -2.1690
 -0.0749
 -0.7503
  0.5694
  0.1852
 -1.7173
  2.1872
 -1.1071
  0.4511
